1.000000e+00 8.137513e-10 -7.656116e-10 -2.139042e-10 8.137513e-10 1.000000e+00 6.754230e-11 4.506439e-09 -7.656116e-10 6.754230e-11 1.000000e+00 2.697696e-08
9.999998e-01 -5.366526e-04 -4.073905e-04 6.738538e-04 5.371175e-04 9.999993e-01 1.137980e-03 -2.427095e-02 4.067779e-04 -1.138199e-03 9.999994e-01 1.310783e+00
9.999982e-01 -1.909945e-03 -1.649171e-04 -1.044678e-02 1.910217e-03 9.999969e-01 1.654690e-03 -4.476534e-02 1.617546e-04 -1.655002e-03 9.999987e-01 2.616548e+00
9.999962e-01 -2.754897e-03 -2.068244e-04 -1.866630e-02 2.755193e-03 9.999952e-01 1.440512e-03 -7.759592e-02 2.028534e-04 -1.441076e-03 9.999990e-01 3.925010e+00
9.999960e-01 -2.833255e-03 -1.181169e-04 -2.250751e-02 2.833428e-03 9.999950e-01 1.475557e-03 -9.462421e-02 1.139341e-04 -1.475886e-03 9.999990e-01 5.257585e+00
9.999945e-01 -3.315989e-03 -2.374497e-04 -3.660937e-02 3.316340e-03 9.999935e-01 1.487311e-03 -1.223077e-01 2.325147e-04 -1.488090e-03 9.999989e-01 6.578292e+00
9.999905e-01 -4.313003e-03 -6.201596e-04 -4.415544e-02 4.315013e-03 9.999854e-01 3.273798e-03 -1.465404e-01 6.060291e-04 -3.276443e-03 9.999945e-01 7.899574e+00
9.999875e-01 -4.993703e-03 -2.272362e-04 -4.074472e-02 4.994613e-03 9.999788e-01 4.185404e-03 -1.773130e-01 2.063292e-04 -4.186486e-03 9.999913e-01 9.217831e+00
9.999929e-01 -3.730966e-03 -5.957562e-04 -6.761460e-02 3.732752e-03 9.999885e-01 3.023849e-03 -2.013145e-01 5.844659e-04 -3.026051e-03 9.999953e-01 1.055047e+01
9.999991e-01 -1.225825e-03 -5.735480e-04 -7.702072e-02 1.226294e-03 9.999990e-01 8.156095e-04 -2.199196e-01 5.725460e-04 -8.163120e-04 9.999996e-01 1.188534e+01
9.999964e-01 2.629079e-03 -5.845789e-04 -9.429217e-02 -2.629413e-03 9.999964e-01 -5.732664e-04 -2.446028e-01 5.830681e-04 5.748016e-04 9.999997e-01 1.323800e+01
9.999873e-01 4.963584e-03 -8.986330e-04 -1.070562e-01 -4.963925e-03 9.999877e-01 -3.793575e-04 -2.693450e-01 8.967374e-04 3.838136e-04 9.999996e-01 1.457628e+01
9.999854e-01 5.393607e-03 -3.657882e-05 -1.151814e-01 -5.393595e-03 9.999855e-01 2.784583e-04 -2.988579e-01 3.807864e-05 -2.782569e-04 1.000000e+00 1.591361e+01
9.999890e-01 4.665198e-03 -3.828179e-04 -1.247330e-01 -4.664101e-03 9.999852e-01 2.814707e-03 -3.181489e-01 3.959419e-04 -2.812890e-03 9.999960e-01 1.727053e+01
1.000000e+00 2.162964e-04 1.435468e-04 -1.195225e-01 -2.170617e-04 9.999856e-01 5.364474e-03 -3.529254e-01 -1.423859e-04 -5.364505e-03 9.999857e-01 1.861942e+01
9.999945e-01 -3.300839e-03 3.999092e-05 -1.322050e-01 3.300646e-03 9.999859e-01 4.165091e-03 -3.868310e-01 -5.374018e-05 -4.164936e-03 9.999914e-01 1.996820e+01
9.999965e-01 -2.655841e-03 -1.920309e-04 -1.302038e-01 2.655887e-03 9.999965e-01 2.314916e-04 -3.851330e-01 1.914139e-04 -2.320007e-04 1.000000e+00 2.131818e+01
9.999994e-01 -1.079750e-03 -2.040282e-04 -1.454095e-01 1.079565e-03 9.999991e-01 -9.145898e-04 -4.199630e-01 2.050140e-04 9.143691e-04 9.999996e-01 2.268031e+01
9.999989e-01 1.163160e-03 8.845208e-04 -1.547183e-01 -1.164615e-03 9.999980e-01 1.647174e-03 -4.325923e-01 -8.826046e-04 -1.648202e-03 9.999983e-01 2.404478e+01
9.999948e-01 2.514086e-03 2.036284e-03 -1.631846e-01 -2.525409e-03 9.999813e-01 5.578089e-03 -4.577454e-01 -2.022224e-03 -5.583202e-03 9.999824e-01 2.542442e+01
9.999979e-01 -1.484976e-04 2.062800e-03 -1.825349e-01 1.353903e-04 9.999799e-01 6.353580e-03 -4.869371e-01 -2.063703e-03 -6.353287e-03 9.999778e-01 2.680105e+01
9.999910e-01 -3.532960e-03 2.357081e-03 -1.786644e-01 3.516113e-03 9.999686e-01 7.114075e-03 -5.209489e-01 -2.382142e-03 -7.105723e-03 9.999720e-01 2.816900e+01
9.999889e-01 -4.338490e-03 1.846355e-03 -1.772390e-01 4.333053e-03 9.999864e-01 2.939431e-03 -5.205382e-01 -1.859084e-03 -2.931398e-03 9.999941e-01 2.951673e+01
9.999857e-01 -4.692336e-03 2.559366e-03 -1.793270e-01 4.690791e-03 9.999889e-01 6.099859e-04 -5.476795e-01 -2.562201e-03 -5.979716e-04 9.999966e-01 3.088162e+01
9.999930e-01 -2.203605e-03 3.035404e-03 -1.971807e-01 2.204034e-03 9.999976e-01 -1.372592e-04 -5.559196e-01 -3.035096e-03 1.439485e-04 9.999955e-01 3.226388e+01
9.999926e-01 -4.394889e-04 3.814800e-03 -2.086507e-01 4.422017e-04 9.999997e-01 -7.098609e-04 -5.983480e-01 -3.814488e-03 7.115427e-04 9.999926e-01 3.366210e+01
9.999911e-01 4.806466e-04 4.188161e-03 -2.116591e-01 -4.762329e-04 9.999994e-01 -1.054380e-03 -6.206046e-01 -4.188666e-03 1.052376e-03 9.999908e-01 3.506040e+01
9.999941e-01 2.294522e-04 3.419404e-03 -2.147069e-01 -2.298848e-04 1.000000e+00 1.266145e-04 -6.571383e-01 -3.419376e-03 -1.273997e-04 9.999942e-01 3.645598e+01
9.999934e-01 2.010933e-03 3.024102e-03 -2.179492e-01 -2.017323e-03 9.999958e-01 2.111863e-03 -6.813017e-01 -3.019844e-03 -2.117950e-03 9.999933e-01 3.785677e+01
9.999876e-01 4.107694e-03 2.828236e-03 -2.283611e-01 -4.114840e-03 9.999884e-01 2.525981e-03 -7.137456e-01 -2.817829e-03 -2.537587e-03 9.999929e-01 3.924984e+01
9.999734e-01 6.605639e-03 3.101806e-03 -2.480092e-01 -6.613242e-03 9.999752e-01 2.447985e-03 -7.325076e-01 -3.085560e-03 -2.468433e-03 9.999923e-01 4.063895e+01
9.999545e-01 8.684083e-03 3.934734e-03 -2.481292e-01 -8.693945e-03 9.999592e-01 2.496681e-03 -7.505051e-01 -3.912893e-03 -2.530776e-03 9.999892e-01 4.203918e+01
9.999468e-01 9.781406e-03 3.286731e-03 -2.732282e-01 -9.790785e-03 9.999481e-01 2.850394e-03 -7.728230e-01 -3.258680e-03 -2.882422e-03 9.999906e-01 4.343999e+01
9.999513e-01 9.359194e-03 3.128596e-03 -2.570337e-01 -9.369332e-03 9.999509e-01 3.242163e-03 -8.020768e-01 -3.098100e-03 -3.271318e-03 9.999899e-01 4.486392e+01
9.999690e-01 7.597425e-03 2.085259e-03 -2.613366e-01 -7.601737e-03 9.999690e-01 2.068739e-03 -8.261859e-01 -2.069479e-03 -2.084527e-03 9.999958e-01 4.627523e+01
9.999713e-01 7.481887e-03 1.193646e-03 -2.617241e-01 -7.484863e-03 9.999689e-01 2.509605e-03 -8.482166e-01 -1.174834e-03 -2.518467e-03 9.999962e-01 4.768909e+01
9.999690e-01 7.871557e-03 5.485299e-05 -2.791112e-01 -7.871714e-03 9.999607e-01 4.083411e-03 -8.723042e-01 -2.270957e-05 -4.083716e-03 9.999917e-01 4.911607e+01
9.999628e-01 8.586844e-03 -8.612630e-04 -2.853327e-01 -8.582753e-03 9.999524e-01 4.644874e-03 -9.000756e-01 9.011052e-04 -4.637309e-03 9.999889e-01 5.053006e+01
9.999591e-01 8.926049e-03 -1.470331e-03 -2.928260e-01 -8.919562e-03 9.999508e-01 4.359742e-03 -9.227897e-01 1.509172e-03 -4.346449e-03 9.999895e-01 5.193763e+01
9.999570e-01 8.858807e-03 -2.742378e-03 -3.129070e-01 -8.844440e-03 9.999474e-01 5.206684e-03 -9.407531e-01 2.788357e-03 -5.182205e-03 9.999828e-01 5.335834e+01
9.999644e-01 7.627916e-03 -3.594822e-03 -3.082730e-01 -7.604826e-03 9.999507e-01 6.393145e-03 -9.726020e-01 3.643409e-03 -6.365580e-03 9.999732e-01 5.479939e+01
9.999700e-01 6.507296e-03 -4.196947e-03 -3.204529e-01 -6.479924e-03 9.999579e-01 6.502266e-03 -9.939489e-01 4.239080e-03 -6.474875e-03 9.999701e-01 5.622440e+01
9.999774e-01 4.390937e-03 -5.087362e-03 -3.336793e-01 -4.360216e-03 9.999724e-01 6.033758e-03 -1.015814e+00 5.113713e-03 -6.011440e-03 9.999689e-01 5.763496e+01
9.999848e-01 2.464884e-03 -4.938065e-03 -3.400726e-01 -2.432674e-03 9.999759e-01 6.517923e-03 -1.033065e+00 4.954010e-03 -6.505811e-03 9.999666e-01 5.907209e+01
9.999890e-01 2.095669e-03 -4.187670e-03 -3.540112e-01 -2.064251e-03 9.999699e-01 7.492329e-03 -1.057729e+00 4.203243e-03 -7.483603e-03 9.999632e-01 6.051070e+01
9.999917e-01 8.225716e-04 -3.992972e-03 -3.672223e-01 -7.895836e-04 9.999657e-01 8.255666e-03 -1.084668e+00 3.999624e-03 -8.252445e-03 9.999580e-01 6.192084e+01
9.999927e-01 -1.645351e-03 -3.446308e-03 -3.756589e-01 1.671777e-03 9.999692e-01 7.678592e-03 -1.109110e+00 3.433566e-03 -7.684297e-03 9.999647e-01 6.335857e+01
9.999912e-01 -2.863277e-03 -3.049712e-03 -3.903464e-01 2.885063e-03 9.999702e-01 7.162662e-03 -1.119080e+00 3.029111e-03 -7.171398e-03 9.999698e-01 6.476540e+01
9.999932e-01 -2.852459e-03 -2.315602e-03 -4.030872e-01 2.868709e-03 9.999711e-01 7.044209e-03 -1.137543e+00 2.295440e-03 -7.050804e-03 9.999726e-01 6.616368e+01
9.999984e-01 1.268150e-04 -1.791106e-03 -4.154503e-01 -1.145142e-04 9.999765e-01 6.865266e-03 -1.168173e+00 1.791933e-03 -6.865049e-03 9.999749e-01 6.758316e+01
9.999981e-01 1.697504e-03 -9.720660e-04 -4.326182e-01 -1.690072e-03 9.999698e-01 7.594522e-03 -1.188655e+00 9.849268e-04 -7.592864e-03 9.999708e-01 6.900217e+01
9.999896e-01 4.523821e-03 -5.321885e-04 -4.589442e-01 -4.518559e-03 9.999447e-01 9.502299e-03 -1.205530e+00 5.751442e-04 -9.499795e-03 9.999548e-01 7.043123e+01
9.999637e-01 8.510951e-03 3.765627e-04 -4.694347e-01 -8.514468e-03 9.999075e-01 1.061664e-02 -1.223831e+00 -2.861717e-04 -1.061946e-02 9.999437e-01 7.183366e+01
9.999198e-01 1.261785e-02 1.051101e-03 -4.839170e-01 -1.262782e-02 9.998694e-01 1.009061e-02 -1.249132e+00 -9.236437e-04 -1.010308e-02 9.999486e-01 7.323239e+01
9.998623e-01 1.650514e-02 1.712255e-03 -4.900832e-01 -1.652024e-02 9.998211e-01 9.221907e-03 -1.262229e+00 -1.559742e-03 -9.248924e-03 9.999561e-01 7.461269e+01
9.998380e-01 1.778965e-02 2.728492e-03 -5.087994e-01 -1.781545e-02 9.997939e-01 9.743130e-03 -1.274217e+00 -2.554604e-03 -9.790161e-03 9.999489e-01 7.600254e+01
9.998037e-01 1.958624e-02 2.988598e-03 -5.204789e-01 -1.961338e-02 9.997641e-01 9.339260e-03 -1.306933e+00 -2.804974e-03 -9.396044e-03 9.999520e-01 7.739876e+01
9.998509e-01 1.701149e-02 2.956264e-03 -5.186264e-01 -1.703991e-02 9.998062e-01 9.868933e-03 -1.317090e+00 -2.787807e-03 -9.917836e-03 9.999470e-01 7.878065e+01
9.998333e-01 1.807392e-02 2.597438e-03 -5.231599e-01 -1.809569e-02 9.997992e-01 8.618784e-03 -1.343257e+00 -2.441143e-03 -8.664350e-03 9.999596e-01 8.018162e+01
9.998469e-01 1.732594e-02 2.443240e-03 -5.285801e-01 -1.734745e-02 9.998084e-01 9.076921e-03 -1.361547e+00 -2.285507e-03 -9.117915e-03 9.999559e-01 8.157453e+01
9.998840e-01 1.505652e-02 2.318525e-03 -5.369779e-01 -1.507818e-02 9.998400e-01 9.629076e-03 -1.370270e+00 -2.173175e-03 -9.662918e-03 9.999510e-01 8.297164e+01
9.998865e-01 1.498320e-02 1.589688e-03 -5.482073e-01 -1.499693e-02 9.998470e-01 9.006888e-03 -1.400722e+00 -1.454494e-03 -9.029706e-03 9.999583e-01 8.435820e+01
9.998820e-01 1.533692e-02 8.743927e-04 -5.574641e-01 -1.534451e-02 9.998376e-01 9.457954e-03 -1.411853e+00 -7.291963e-04 -9.470255e-03 9.999550e-01 8.569810e+01
9.998883e-01 1.494588e-02 -2.739907e-04 -5.654118e-01 -1.494233e-02 9.998369e-01 1.015403e-02 -1.426466e+00 4.257055e-04 -1.014881e-02 9.999485e-01 8.702430e+01
9.999040e-01 1.380728e-02 -1.198528e-03 -5.726879e-01 -1.379331e-02 9.998447e-01 1.097403e-02 -1.448389e+00 1.349862e-03 -1.095644e-02 9.999391e-01 8.836100e+01
9.999357e-01 1.108855e-02 -2.377593e-03 -5.751380e-01 -1.106080e-02 9.998741e-01 1.138035e-02 -1.465381e+00 2.503484e-03 -1.135332e-02 9.999325e-01 8.971314e+01
9.999525e-01 9.178250e-03 -3.273377e-03 -5.839810e-01 -9.139267e-03 9.998895e-01 1.173108e-02 -1.479644e+00 3.380684e-03 -1.170060e-02 9.999259e-01 9.108403e+01
9.999589e-01 8.255384e-03 -3.738859e-03 -6.004874e-01 -8.211005e-03 9.998975e-01 1.173290e-02 -1.499234e+00 3.835334e-03 -1.170172e-02 9.999243e-01 9.248101e+01
9.999675e-01 7.188465e-03 -3.656178e-03 -6.134788e-01 -7.146087e-03 9.999087e-01 1.147435e-02 -1.518165e+00 3.738326e-03 -1.144785e-02 9.999276e-01 9.388056e+01
9.999724e-01 6.407457e-03 -3.767658e-03 -6.313215e-01 -6.367449e-03 9.999243e-01 1.053616e-02 -1.534423e+00 3.834881e-03 -1.051188e-02 9.999375e-01 9.527790e+01
9.999751e-01 5.716691e-03 -4.146407e-03 -6.475792e-01 -5.673574e-03 9.999305e-01 1.033664e-02 -1.545531e+00 4.205209e-03 -1.031286e-02 9.999381e-01 9.664910e+01
9.999694e-01 6.608646e-03 -4.194066e-03 -6.615408e-01 -6.566989e-03 9.999298e-01 9.869081e-03 -1.567885e+00 4.258991e-03 -9.841236e-03 9.999426e-01 9.800146e+01
9.999613e-01 7.992565e-03 -3.673984e-03 -6.725637e-01 -7.957135e-03 9.999227e-01 9.558636e-03 -1.585615e+00 3.750096e-03 -9.529031e-03 9.999476e-01 9.932780e+01
9.999569e-01 8.601192e-03 -3.501598e-03 -6.934586e-01 -8.562622e-03 9.999042e-01 1.088412e-02 -1.599532e+00 3.594877e-03 -1.085367e-02 9.999347e-01 1.006704e+02
9.999511e-01 9.249742e-03 -3.509739e-03 -7.086775e-01 -9.206126e-03 9.998827e-01 1.224584e-02 -1.612166e+00 3.622596e-03 -1.221293e-02 9.999189e-01 1.020150e+02
9.999550e-01 8.757427e-03 -3.655254e-03 -7.185586e-01 -8.712868e-03 9.998897e-01 1.203262e-02 -1.636652e+00 3.760224e-03 -1.200023e-02 9.999210e-01 1.033377e+02
9.999572e-01 8.740800e-03 -3.025934e-03 -7.357067e-01 -8.710037e-03 9.999118e-01 1.003413e-02 -1.650586e+00 3.113372e-03 -1.000734e-02 9.999452e-01 1.046736e+02
9.999509e-01 9.344605e-03 -3.284375e-03 -7.506992e-01 -9.316108e-03 9.999198e-01 8.586901e-03 -1.654035e+00 3.364351e-03 -8.555882e-03 9.999578e-01 1.060133e+02
9.999733e-01 6.662206e-03 -3.016425e-03 -7.614707e-01 -6.632733e-03 9.999312e-01 9.676806e-03 -1.674473e+00 3.080685e-03 -9.656540e-03 9.999487e-01 1.072975e+02
9.999891e-01 3.933453e-03 -2.531242e-03 -7.684340e-01 -3.903338e-03 9.999229e-01 1.179375e-02 -1.689057e+00 2.577436e-03 -1.178374e-02 9.999273e-01 1.085962e+02
9.999971e-01 1.437279e-03 -1.904660e-03 -7.759959e-01 -1.412676e-03 9.999164e-01 1.285548e-02 -1.718676e+00 1.922976e-03 -1.285275e-02 9.999156e-01 1.099265e+02
9.999991e-01 6.753608e-04 -1.180614e-03 -7.846379e-01 -6.612280e-04 9.999287e-01 1.192904e-02 -1.736569e+00 1.188585e-03 -1.192825e-02 9.999282e-01 1.112541e+02
9.999962e-01 2.677491e-03 -7.005195e-04 -8.006244e-01 -2.670474e-03 9.999482e-01 9.830351e-03 -1.741016e+00 7.268023e-04 -9.828442e-03 9.999515e-01 1.125835e+02
9.999855e-01 5.370585e-03 4.642911e-04 -8.067449e-01 -5.373865e-03 9.999584e-01 7.381179e-03 -1.754455e+00 -4.246321e-04 -7.383566e-03 9.999727e-01 1.139413e+02
9.999652e-01 8.048805e-03 2.198912e-03 -8.226476e-01 -8.063280e-03 9.999454e-01 6.655813e-03 -1.769128e+00 -2.145222e-03 -6.673311e-03 9.999755e-01 1.152767e+02
9.999460e-01 9.721559e-03 3.663842e-03 -8.329400e-01 -9.750920e-03 9.999198e-01 8.083364e-03 -1.780237e+00 -3.584967e-03 -8.118653e-03 9.999607e-01 1.166160e+02
9.999413e-01 9.648867e-03 4.930901e-03 -8.438229e-01 -9.703310e-03 9.998909e-01 1.113948e-02 -1.796697e+00 -4.822881e-03 -1.118667e-02 9.999259e-01 1.179537e+02
9.999559e-01 7.791989e-03 5.245346e-03 -8.393074e-01 -7.857777e-03 9.998893e-01 1.264101e-02 -1.831742e+00 -5.146268e-03 -1.268167e-02 9.999064e-01 1.192853e+02
9.999534e-01 7.305493e-03 6.306019e-03 -8.381498e-01 -7.384071e-03 9.998943e-01 1.252909e-02 -1.840035e+00 -6.213823e-03 -1.257507e-02 9.999017e-01 1.205960e+02
9.999298e-01 9.167980e-03 7.499407e-03 -8.456647e-01 -9.257045e-03 9.998861e-01 1.192930e-02 -1.837162e+00 -7.389186e-03 -1.199788e-02 9.999008e-01 1.219112e+02
9.998944e-01 1.168215e-02 8.642203e-03 -8.475507e-01 -1.177844e-02 9.998682e-01 1.117646e-02 -1.847415e+00 -8.510500e-03 -1.127707e-02 9.999003e-01 1.232514e+02
9.998656e-01 1.287259e-02 1.015250e-02 -8.501878e-01 -1.297396e-02 9.998661e-01 9.982606e-03 -1.861325e+00 -1.002264e-02 -1.011298e-02 9.998987e-01 1.245829e+02
9.998351e-01 1.437633e-02 1.109221e-02 -8.494808e-01 -1.448197e-02 9.998500e-01 9.503394e-03 -1.872220e+00 -1.095393e-02 -9.662465e-03 9.998934e-01 1.259319e+02
9.998521e-01 1.237268e-02 1.194357e-02 -8.368771e-01 -1.248740e-02 9.998762e-01 9.579418e-03 -1.893221e+00 -1.182357e-02 -9.727146e-03 9.998829e-01 1.272850e+02
9.998205e-01 1.382824e-02 1.295044e-02 -8.307162e-01 -1.396273e-02 9.998490e-01 1.035275e-02 -1.902141e+00 -1.280533e-02 -1.053172e-02 9.998626e-01 1.286193e+02
9.998306e-01 1.230690e-02 1.368550e-02 -8.211899e-01 -1.245962e-02 9.998605e-01 1.113118e-02 -1.919936e+00 -1.354660e-02 -1.129981e-02 9.998445e-01 1.299686e+02
9.998428e-01 1.083077e-02 1.403912e-02 -8.121567e-01 -1.099500e-02 9.998715e-01 1.167434e-02 -1.933640e+00 -1.391088e-02 -1.182686e-02 9.998334e-01 1.312902e+02
9.998520e-01 1.000861e-02 1.399103e-02 -7.995901e-01 -1.017569e-02 9.998772e-01 1.192278e-02 -1.949801e+00 -1.386999e-02 -1.206338e-02 9.998311e-01 1.326343e+02
9.998768e-01 7.688423e-03 1.368335e-02 -7.900081e-01 -7.860864e-03 9.998899e-01 1.259354e-02 -1.958213e+00 -1.358502e-02 -1.269955e-02 9.998272e-01 1.339944e+02
9.998965e-01 6.069178e-03 1.304560e-02 -7.826215e-01 -6.232923e-03 9.999019e-01 1.254802e-02 -1.971154e+00 -1.296817e-02 -1.262804e-02 9.998362e-01 1.353333e+02
9.999073e-01 5.792965e-03 1.231778e-02 -7.723556e-01 -5.940017e-03 9.999112e-01 1.193545e-02 -1.987300e+00 -1.224755e-02 -1.200751e-02 9.998530e-01 1.366649e+02
9.999380e-01 3.632753e-03 1.052693e-02 -7.674835e-01 -3.772065e-03 9.999052e-01 1.324449e-02 -1.988838e+00 -1.047782e-02 -1.328337e-02 9.998570e-01 1.379887e+02
9.999533e-01 1.583270e-03 9.528763e-03 -7.552230e-01 -1.719659e-03 9.998960e-01 1.432242e-02 -2.009857e+00 -9.505097e-03 -1.433814e-02 9.998521e-01 1.393137e+02
9.999649e-01 9.345682e-04 8.326687e-03 -7.514316e-01 -1.052258e-03 9.998995e-01 1.414113e-02 -2.024211e+00 -8.312636e-03 -1.414939e-02 9.998654e-01 1.406376e+02
9.999742e-01 6.499845e-04 7.156158e-03 -7.492672e-01 -7.457224e-04 9.999102e-01 1.338409e-02 -2.022495e+00 -7.146818e-03 -1.338908e-02 9.998849e-01 1.419877e+02
9.999815e-01 2.291725e-05 6.089853e-03 -7.472131e-01 -1.006411e-04 9.999186e-01 1.276311e-02 -2.030357e+00 -6.089066e-03 -1.276349e-02 9.999001e-01 1.433276e+02
9.999865e-01 -1.406747e-03 5.000209e-03 -7.471127e-01 1.353652e-03 9.999429e-01 1.060632e-02 -2.054358e+00 -5.014845e-03 -1.059941e-02 9.999313e-01 1.446696e+02
9.999793e-01 -5.001935e-03 4.054982e-03 -7.452686e-01 4.962788e-03 9.999416e-01 9.607819e-03 -2.068600e+00 -4.102804e-03 -9.587496e-03 9.999457e-01 1.460190e+02
9.999311e-01 -1.133696e-02 3.030476e-03 -7.360092e-01 1.130019e-02 9.998656e-01 1.188597e-02 -2.073282e+00 -3.164821e-03 -1.185091e-02 9.999248e-01 1.473819e+02
9.997834e-01 -2.075578e-02 1.558154e-03 -7.263417e-01 2.073109e-02 9.996804e-01 1.446930e-02 -2.101963e+00 -1.857979e-03 -1.443386e-02 9.998942e-01 1.487454e+02
9.996769e-01 -2.541438e-02 3.623860e-04 -7.181987e-01 2.540738e-02 9.995901e-01 1.320078e-02 -2.130062e+00 -6.977285e-04 -1.318731e-02 9.999129e-01 1.500951e+02
9.996907e-01 -2.485893e-02 7.666782e-04 -7.219706e-01 2.485099e-02 9.996503e-01 9.040902e-03 -2.122166e+00 -9.911587e-04 -9.019053e-03 9.999589e-01 1.514000e+02
9.998021e-01 -1.981850e-02 1.703613e-03 -7.379309e-01 1.981027e-02 9.997927e-01 4.715703e-03 -2.115869e+00 -1.796719e-03 -4.681021e-03 9.999875e-01 1.526897e+02
9.998451e-01 -1.741486e-02 2.536804e-03 -7.418617e-01 1.740261e-02 9.998372e-01 4.770926e-03 -2.150470e+00 -2.619478e-03 -4.726039e-03 9.999855e-01 1.540033e+02
9.997869e-01 -2.041646e-02 3.038272e-03 -7.392497e-01 2.039038e-02 9.997570e-01 8.383025e-03 -2.175927e+00 -3.208687e-03 -8.319287e-03 9.999603e-01 1.553608e+02
9.996648e-01 -2.565554e-02 3.468896e-03 -7.298111e-01 2.561073e-02 9.995952e-01 1.239835e-02 -2.198602e+00 -3.785579e-03 -1.230535e-02 9.999172e-01 1.567414e+02
9.994754e-01 -3.220357e-02 3.433401e-03 -7.275248e-01 3.215207e-02 9.993832e-01 1.412641e-02 -2.203843e+00 -3.886206e-03 -1.400861e-02 9.998944e-01 1.581148e+02
9.994139e-01 -3.406832e-02 3.344644e-03 -7.224982e-01 3.401545e-02 9.993123e-01 1.476477e-02 -2.218062e+00 -3.845356e-03 -1.464235e-02 9.998855e-01 1.594646e+02
9.994484e-01 -3.292159e-02 4.375796e-03 -7.120650e-01 3.285210e-02 9.993462e-01 1.510276e-02 -2.217039e+00 -4.870143e-03 -1.495068e-02 9.998765e-01 1.608051e+02
9.995843e-01 -2.830364e-02 5.490294e-03 -7.224167e-01 2.822304e-02 9.995003e-01 1.424131e-02 -2.228866e+00 -5.890633e-03 -1.408044e-02 9.998836e-01 1.621515e+02
9.997181e-01 -2.281386e-02 6.575372e-03 -7.306362e-01 2.273149e-02 9.996655e-01 1.234030e-02 -2.244257e+00 -6.854703e-03 -1.218735e-02 9.999023e-01 1.634959e+02
9.997584e-01 -2.079720e-02 7.111020e-03 -7.324428e-01 2.071500e-02 9.997200e-01 1.144381e-02 -2.253042e+00 -7.347029e-03 -1.129374e-02 9.999093e-01 1.648579e+02
9.997582e-01 -2.070101e-02 7.418780e-03 -7.321286e-01 2.060112e-02 9.996994e-01 1.329731e-02 -2.253229e+00 -7.691819e-03 -1.314126e-02 9.998841e-01 1.662144e+02
9.997897e-01 -1.918628e-02 7.243194e-03 -7.371636e-01 1.909008e-02 9.997317e-01 1.312538e-02 -2.274127e+00 -7.493079e-03 -1.298434e-02 9.998877e-01 1.675832e+02
9.998344e-01 -1.689122e-02 6.770276e-03 -7.355842e-01 1.681965e-02 9.998035e-01 1.049342e-02 -2.290538e+00 -6.946194e-03 -1.037781e-02 9.999221e-01 1.689534e+02
9.998675e-01 -1.498240e-02 6.365828e-03 -7.339660e-01 1.493355e-02 9.998593e-01 7.653810e-03 -2.286154e+00 -6.479606e-03 -7.557731e-03 9.999505e-01 1.703053e+02
9.999357e-01 -9.703458e-03 5.869575e-03 -7.417688e-01 9.670747e-03 9.999378e-01 5.576106e-03 -2.294077e+00 -5.923318e-03 -5.518985e-03 9.999673e-01 1.716678e+02
9.999776e-01 -2.330074e-03 6.270900e-03 -7.460694e-01 2.288807e-03 9.999758e-01 6.580206e-03 -2.301579e+00 -6.286082e-03 -6.565706e-03 9.999588e-01 1.730339e+02
9.999747e-01 -1.620215e-04 7.114752e-03 -7.626758e-01 9.034325e-05 9.999493e-01 1.007399e-02 -2.352556e+00 -7.116025e-03 -1.007309e-02 9.999240e-01 1.743946e+02
9.999741e-01 1.568499e-04 7.191142e-03 -7.646113e-01 -2.469031e-04 9.999216e-01 1.252384e-02 -2.361795e+00 -7.188615e-03 -1.252530e-02 9.998958e-01 1.757755e+02
9.999780e-01 -2.379052e-03 6.191051e-03 -7.614541e-01 2.298499e-03 9.999131e-01 1.298627e-02 -2.361529e+00 -6.221410e-03 -1.297175e-02 9.998966e-01 1.771803e+02
9.999789e-01 -4.885223e-03 4.277782e-03 -7.619500e-01 4.827873e-03 9.998997e-01 1.331599e-02 -2.363119e+00 -4.342406e-03 -1.329506e-02 9.999023e-01 1.785760e+02
9.999824e-01 -5.396690e-03 2.449093e-03 -7.627035e-01 5.372688e-03 9.999385e-01 9.703719e-03 -2.385137e+00 -2.501312e-03 -9.690391e-03 9.999500e-01 1.799768e+02
9.999965e-01 -2.506097e-03 8.810537e-04 -7.699152e-01 2.501733e-03 9.999848e-01 4.921543e-03 -2.403094e+00 -8.933757e-04 -4.919321e-03 9.999876e-01 1.813550e+02
9.999985e-01 1.706714e-03 3.430565e-04 -7.847339e-01 -1.707815e-03 9.999934e-01 3.238875e-03 -2.398209e+00 -3.375279e-04 -3.239456e-03 9.999948e-01 1.827176e+02
9.999744e-01 7.146513e-03 3.392895e-04 -8.060909e-01 -7.148385e-03 9.999572e-01 5.886064e-03 -2.438025e+00 -2.972116e-04 -5.888339e-03 9.999827e-01 1.840829e+02
9.999745e-01 7.142580e-03 8.857955e-05 -8.169814e-01 -7.143077e-03 9.999373e-01 8.635863e-03 -2.446651e+00 -2.689318e-05 -8.636275e-03 9.999628e-01 1.854725e+02
9.999731e-01 7.301385e-03 6.584212e-04 -8.215124e-01 -7.308152e-03 9.999135e-01 1.094343e-02 -2.459664e+00 -5.784636e-04 -1.094795e-02 9.999400e-01 1.868669e+02
9.999834e-01 5.731651e-03 5.935093e-04 -8.338822e-01 -5.738406e-03 9.999105e-01 1.208870e-02 -2.468094e+00 -5.241695e-04 -1.209191e-02 9.999268e-01 1.882679e+02
9.999902e-01 4.366101e-03 6.702254e-04 -8.394950e-01 -4.374208e-03 9.999109e-01 1.261445e-02 -2.470204e+00 -6.150912e-04 -1.261726e-02 9.999203e-01 1.896702e+02
9.999962e-01 2.625961e-03 8.141614e-04 -8.391793e-01 -2.636718e-03 9.999053e-01 1.350797e-02 -2.482731e+00 -7.786144e-04 -1.351006e-02 9.999085e-01 1.910934e+02
9.999993e-01 -4.726041e-04 1.095306e-03 -8.403279e-01 4.573944e-04 9.999041e-01 1.384666e-02 -2.495630e+00 -1.101747e-03 -1.384614e-02 9.999036e-01 1.925141e+02
9.999931e-01 -3.456865e-03 1.376681e-03 -8.476593e-01 3.436644e-03 9.998900e-01 1.443041e-02 -2.499115e+00 -1.426416e-03 -1.442558e-02 9.998950e-01 1.939160e+02
9.999681e-01 -7.755005e-03 1.899968e-03 -8.417825e-01 7.723699e-03 9.998428e-01 1.596571e-02 -2.510431e+00 -2.023485e-03 -1.595053e-02 9.998708e-01 1.953170e+02
9.999449e-01 -1.027626e-02 2.123983e-03 -8.430984e-01 1.024108e-02 9.998203e-01 1.595722e-02 -2.537075e+00 -2.287583e-03 -1.593459e-02 9.998705e-01 1.967378e+02
9.999468e-01 -1.006192e-02 2.250031e-03 -8.428670e-01 1.003160e-02 9.998639e-01 1.310525e-02 -2.528351e+00 -2.381590e-03 -1.308198e-02 9.999117e-01 1.981522e+02
9.999907e-01 -3.425211e-03 2.602576e-03 -8.608650e-01 3.406967e-03 9.999699e-01 6.983023e-03 -2.536929e+00 -2.626417e-03 -6.974091e-03 9.999723e-01 1.995857e+02
9.999655e-01 7.259770e-03 4.029918e-03 -8.814829e-01 -7.281492e-03 9.999590e-01 5.402318e-03 -2.531398e+00 -3.990535e-03 -5.431475e-03 9.999774e-01 2.010393e+02
9.998796e-01 1.449306e-02 5.535511e-03 -9.024693e-01 -1.454932e-02 9.998415e-01 1.026272e-02 -2.556992e+00 -5.385897e-03 -1.034202e-02 9.999321e-01 2.025006e+02
9.998343e-01 1.697686e-02 6.573422e-03 -9.087320e-01 -1.706081e-02 9.997709e-01 1.293333e-02 -2.583508e+00 -6.352350e-03 -1.304334e-02 9.998948e-01 2.039693e+02
9.999085e-01 1.240255e-02 5.399995e-03 -9.063431e-01 -1.247284e-02 9.998354e-01 1.318336e-02 -2.578829e+00 -5.235600e-03 -1.324951e-02 9.998986e-01 2.053635e+02
9.999387e-01 1.026313e-02 4.164356e-03 -9.048290e-01 -1.031909e-02 9.998537e-01 1.364701e-02 -2.585721e+00 -4.023687e-03 -1.368914e-02 9.998983e-01 2.067901e+02
9.999351e-01 1.089479e-02 3.326711e-03 -8.942722e-01 -1.093957e-02 9.998457e-01 1.375056e-02 -2.599254e+00 -3.176390e-03 -1.378606e-02 9.999000e-01 2.082117e+02
9.999436e-01 1.028978e-02 2.622811e-03 -8.967980e-01 -1.032276e-02 9.998637e-01 1.289076e-02 -2.610458e+00 -2.489812e-03 -1.291711e-02 9.999136e-01 2.096606e+02
9.999403e-01 1.061481e-02 2.578630e-03 -9.046917e-01 -1.064651e-02 9.998639e-01 1.260667e-02 -2.615890e+00 -2.444463e-03 -1.263337e-02 9.999173e-01 2.111326e+02
9.999192e-01 1.247893e-02 2.409129e-03 -9.130802e-01 -1.251037e-02 9.998306e-01 1.350856e-02 -2.628086e+00 -2.240150e-03 -1.353761e-02 9.999059e-01 2.126261e+02
9.999277e-01 1.182637e-02 2.173698e-03 -9.212464e-01 -1.185495e-02 9.998367e-01 1.364651e-02 -2.646532e+00 -2.011955e-03 -1.367130e-02 9.999046e-01 2.141032e+02
9.999296e-01 1.171678e-02 1.895191e-03 -9.276343e-01 -1.174037e-02 9.998472e-01 1.295960e-02 -2.651364e+00 -1.743058e-03 -1.298094e-02 9.999143e-01 2.155685e+02
9.999221e-01 1.239435e-02 1.497461e-03 -9.340501e-01 -1.241197e-02 9.998462e-01 1.239672e-02 -2.659936e+00 -1.343583e-03 -1.241434e-02 9.999221e-01 2.170345e+02
9.999277e-01 1.196808e-02 1.187868e-03 -9.388774e-01 -1.198188e-02 9.998516e-01 1.237909e-02 -2.671425e+00 -1.039539e-03 -1.239242e-02 9.999228e-01 2.185271e+02
9.999332e-01 1.153497e-02 7.333470e-04 -9.449259e-01 -1.154301e-02 9.998600e-01 1.211804e-02 -2.681571e+00 -5.934645e-04 -1.212570e-02 9.999264e-01 2.200200e+02
9.999337e-01 1.150016e-02 5.761861e-04 -9.515101e-01 -1.150619e-02 9.998633e-01 1.188051e-02 -2.695701e+00 -4.394811e-04 -1.188635e-02 9.999293e-01 2.214927e+02
9.999049e-01 1.378828e-02 8.284648e-05 -9.677993e-01 -1.378829e-02 9.998335e-01 1.195867e-02 -2.705389e+00 8.205525e-05 -1.195867e-02 9.999286e-01 2.229538e+02
9.999164e-01 1.292740e-02 -6.472575e-05 -9.710108e-01 -1.292572e-02 9.998458e-01 1.189491e-02 -2.720354e+00 2.184846e-04 -1.189308e-02 9.999293e-01 2.244177e+02
9.998961e-01 1.439966e-02 -6.968890e-04 -9.863736e-01 -1.439001e-02 9.998211e-01 1.228375e-02 -2.722578e+00 8.736445e-04 -1.227244e-02 9.999244e-01 2.258865e+02
9.999025e-01 1.395033e-02 -5.350903e-04 -9.879891e-01 -1.394288e-02 9.998304e-01 1.203454e-02 -2.755931e+00 7.028838e-04 -1.202591e-02 9.999275e-01 2.273689e+02
9.999206e-01 1.259197e-02 -4.386160e-04 -1.002874e+00 -1.258577e-02 9.998483e-01 1.204949e-02 -2.754680e+00 5.902747e-04 -1.204302e-02 9.999274e-01 2.288693e+02
9.999268e-01 1.209121e-02 -3.945985e-04 -1.013369e+00 -1.208543e-02 9.998510e-01 1.233206e-02 -2.765351e+00 5.436476e-04 -1.232639e-02 9.999240e-01 2.303678e+02
9.999434e-01 1.062872e-02 -3.626847e-04 -1.019388e+00 -1.062305e-02 9.998577e-01 1.310598e-02 -2.781187e+00 5.019313e-04 -1.310139e-02 9.999141e-01 2.318716e+02
9.999470e-01 1.028283e-02 -4.978241e-04 -1.026879e+00 -1.027508e-02 9.998540e-01 1.365583e-02 -2.797320e+00 6.381705e-04 -1.364999e-02 9.999067e-01 2.333611e+02
9.999563e-01 9.330057e-03 -5.174125e-04 -1.040700e+00 -9.322161e-03 9.998642e-01 1.359381e-02 -2.799854e+00 6.441717e-04 -1.358839e-02 9.999075e-01 2.348621e+02
9.999445e-01 1.052126e-02 -5.332973e-04 -1.059161e+00 -1.051350e-02 9.998616e-01 1.289951e-02 -2.812563e+00 6.689410e-04 -1.289319e-02 9.999167e-01 2.363604e+02
9.999219e-01 1.249536e-02 1.568541e-04 -1.070202e+00 -1.249633e-02 9.998223e-01 1.412058e-02 -2.812862e+00 1.961407e-05 -1.412144e-02 9.999004e-01 2.378610e+02
9.999270e-01 1.207435e-02 4.134341e-04 -1.086484e+00 -1.207943e-02 9.997987e-01 1.602114e-02 -2.830359e+00 -2.199075e-04 -1.602496e-02 9.998716e-01 2.393745e+02
9.999292e-01 1.186653e-02 9.107805e-04 -1.094133e+00 -1.187989e-02 9.997946e-01 1.642523e-02 -2.839216e+00 -7.156844e-04 -1.643489e-02 9.998648e-01 2.408739e+02
9.999381e-01 1.100122e-02 1.640026e-03 -1.098168e+00 -1.102525e-02 9.998200e-01 1.544400e-02 -2.842001e+00 -1.469830e-03 -1.546113e-02 9.998795e-01 2.423971e+02
9.999244e-01 1.209987e-02 2.206196e-03 -1.107360e+00 -1.212902e-02 9.998324e-01 1.371704e-02 -2.848488e+00 -2.039854e-03 -1.374276e-02 9.999036e-01 2.439224e+02
9.999116e-01 1.305231e-02 2.515245e-03 -1.114518e+00 -1.308573e-02 9.998197e-01 1.376228e-02 -2.846295e+00 -2.335163e-03 -1.379398e-02 9.999022e-01 2.454574e+02
9.999141e-01 1.292313e-02 2.170279e-03 -1.123352e+00 -1.295460e-02 9.998010e-01 1.517408e-02 -2.861334e+00 -1.973752e-03 -1.520089e-02 9.998826e-01 2.469768e+02
9.999216e-01 1.233756e-02 2.157338e-03 -1.126303e+00 -1.237248e-02 9.997789e-01 1.700573e-02 -2.870289e+00 -1.947053e-03 -1.703109e-02 9.998531e-01 2.484913e+02
9.999194e-01 1.260156e-02 1.550101e-03 -1.129790e+00 -1.262553e-02 9.997831e-01 1.656867e-02 -2.877566e+00 -1.340975e-03 -1.658691e-02 9.998616e-01 2.500235e+02
9.999005e-01 1.396446e-02 1.999631e-03 -1.135589e+00 -1.399537e-02 9.997679e-01 1.638568e-02 -2.880781e+00 -1.770351e-03 -1.641203e-02 9.998638e-01 2.515544e+02
9.998641e-01 1.637642e-02 1.899880e-03 -1.158592e+00 -1.640539e-02 9.997311e-01 1.639461e-02 -2.895699e+00 -1.630886e-03 -1.642355e-02 9.998639e-01 2.530883e+02
9.998687e-01 1.606354e-02 2.126544e-03 -1.160001e+00 -1.609746e-02 9.997254e-01 1.703269e-02 -2.885639e+00 -1.852356e-03 -1.706469e-02 9.998528e-01 2.546081e+02
9.998887e-01 1.475313e-02 2.200573e-03 -1.164886e+00 -1.478976e-02 9.997343e-01 1.768411e-02 -2.897661e+00 -1.939094e-03 -1.771469e-02 9.998413e-01 2.561470e+02
9.999207e-01 1.250001e-02 1.545269e-03 -1.178763e+00 -1.252650e-02 9.997500e-01 1.852643e-02 -2.901378e+00 -1.313304e-03 -1.854431e-02 9.998273e-01 2.576995e+02
9.999506e-01 9.830206e-03 1.469677e-03 -1.171982e+00 -9.856740e-03 9.997653e-01 1.929393e-02 -2.911510e+00 -1.279670e-03 -1.930746e-02 9.998129e-01 2.592326e+02
9.999665e-01 8.088524e-03 1.263867e-03 -1.176841e+00 -8.110937e-03 9.997891e-01 1.887006e-02 -2.915191e+00 -1.110971e-03 -1.887968e-02 9.998212e-01 2.607744e+02
9.999710e-01 7.524242e-03 1.182655e-03 -1.172847e+00 -7.543424e-03 9.998245e-01 1.715230e-02 -2.914395e+00 -1.053391e-03 -1.716073e-02 9.998523e-01 2.623115e+02
9.999826e-01 5.654116e-03 1.658973e-03 -1.176673e+00 -5.684726e-03 9.998021e-01 1.906742e-02 -2.915355e+00 -1.550837e-03 -1.907652e-02 9.998169e-01 2.638394e+02
9.999915e-01 3.549476e-03 2.082991e-03 -1.186300e+00 -3.593534e-03 9.997615e-01 2.154376e-02 -2.920571e+00 -2.006027e-03 -2.155106e-02 9.997658e-01 2.653798e+02
9.999955e-01 2.147975e-03 2.108047e-03 -1.189483e+00 -2.191815e-03 9.997767e-01 2.101980e-02 -2.931317e+00 -2.062427e-03 -2.102433e-02 9.997769e-01 2.669212e+02
9.999972e-01 5.756528e-04 2.274997e-03 -1.196316e+00 -6.221438e-04 9.997900e-01 2.048875e-02 -2.922581e+00 -2.262726e-03 -2.049011e-02 9.997876e-01 2.684434e+02
9.999929e-01 2.091778e-03 3.145564e-03 -1.194575e+00 -2.154006e-03 9.997995e-01 1.991173e-02 -2.919977e+00 -3.103283e-03 -1.991837e-02 9.997969e-01 2.699850e+02
9.999828e-01 4.007795e-03 4.272994e-03 -1.204595e+00 -4.092454e-03 9.997918e-01 1.999191e-02 -2.924596e+00 -4.191982e-03 -2.000906e-02 9.997911e-01 2.715376e+02
9.999714e-01 5.395153e-03 5.290546e-03 -1.209710e+00 -5.497987e-03 9.997925e-01 1.961968e-02 -2.927333e+00 -5.183598e-03 -1.964821e-02 9.997936e-01 2.730958e+02
9.999620e-01 6.483911e-03 5.834980e-03 -1.216956e+00 -6.598547e-03 9.997813e-01 1.984667e-02 -2.925258e+00 -5.705021e-03 -1.988442e-02 9.997861e-01 2.746282e+02
9.999548e-01 6.797301e-03 6.649626e-03 -1.217178e+00 -6.924859e-03 9.997888e-01 1.935180e-02 -2.935726e+00 -6.516683e-03 -1.939698e-02 9.997907e-01 2.761816e+02
9.999404e-01 7.499445e-03 7.927970e-03 -1.218484e+00 -7.651144e-03 9.997849e-01 1.928095e-02 -2.928448e+00 -7.781669e-03 -1.934046e-02 9.997828e-01 2.777297e+02
9.999355e-01 7.523036e-03 8.512648e-03 -1.224853e+00 -7.681561e-03 9.997948e-01 1.874561e-02 -2.938317e+00 -8.369879e-03 -1.880979e-02 9.997881e-01 2.792566e+02
9.999368e-01 6.379107e-03 9.259777e-03 -1.211035e+00 -6.553316e-03 9.997998e-01 1.890690e-02 -2.936484e+00 -9.137315e-03 -1.896638e-02 9.997784e-01 2.807920e+02
9.999344e-01 5.221376e-03 1.019767e-02 -1.209274e+00 -5.427825e-03 9.997788e-01 2.032325e-02 -2.939436e+00 -1.008930e-02 -2.037727e-02 9.997415e-01 2.823427e+02
9.999391e-01 3.842647e-03 1.034776e-02 -1.206144e+00 -4.059069e-03 9.997718e-01 2.097590e-02 -2.944351e+00 -1.026479e-02 -2.101662e-02 9.997265e-01 2.838993e+02
9.999394e-01 2.328966e-03 1.076189e-02 -1.188693e+00 -2.533263e-03 9.998162e-01 1.900904e-02 -2.951872e+00 -1.071564e-02 -1.903515e-02 9.997615e-01 2.854537e+02
9.999417e-01 2.595698e-03 1.048141e-02 -1.181796e+00 -2.767011e-03 9.998623e-01 1.636328e-02 -2.947285e+00 -1.043750e-02 -1.639133e-02 9.998113e-01 2.869912e+02
9.999482e-01 3.036909e-03 9.716605e-03 -1.174730e+00 -3.188067e-03 9.998736e-01 1.557937e-02 -2.933934e+00 -9.668065e-03 -1.560954e-02 9.998315e-01 2.885352e+02
9.999553e-01 3.153489e-03 8.911530e-03 -1.162367e+00 -3.300450e-03 9.998581e-01 1.652496e-02 -2.943604e+00 -8.858155e-03 -1.655363e-02 9.998238e-01 2.900695e+02
9.999645e-01 2.702982e-03 7.982682e-03 -1.155642e+00 -2.838461e-03 9.998514e-01 1.700962e-02 -2.970162e+00 -7.935520e-03 -1.703168e-02 9.998235e-01 2.915952e+02
9.999666e-01 2.100917e-03 7.899942e-03 -1.155271e+00 -2.231378e-03 9.998607e-01 1.654203e-02 -2.978655e+00 -7.864089e-03 -1.655910e-02 9.998320e-01 2.931430e+02
9.999717e-01 2.140100e-03 7.217394e-03 -1.152388e+00 -2.259003e-03 9.998613e-01 1.650699e-02 -2.971881e+00 -7.181068e-03 -1.652282e-02 9.998378e-01 2.947199e+02
9.999760e-01 2.518519e-03 6.448517e-03 -1.146673e+00 -2.626915e-03 9.998545e-01 1.685682e-02 -2.977986e+00 -6.405126e-03 -1.687335e-02 9.998372e-01 2.963173e+02
9.999842e-01 2.575520e-03 5.005831e-03 -1.152804e+00 -2.663437e-03 9.998410e-01 1.763670e-02 -2.980312e+00 -4.959612e-03 -1.764975e-02 9.998320e-01 2.978999e+02
9.999871e-01 2.775595e-03 4.264514e-03 -1.155712e+00 -2.858324e-03 9.998055e-01 1.951768e-02 -2.977682e+00 -4.209512e-03 -1.952962e-02 9.998005e-01 2.994693e+02
9.999827e-01 3.242772e-03 4.914014e-03 -1.155841e+00 -3.340971e-03 9.997923e-01 2.010896e-02 -2.985396e+00 -4.847786e-03 -2.012503e-02 9.997858e-01 3.010296e+02
9.999733e-01 3.621431e-03 6.346024e-03 -1.163957e+00 -3.745535e-03 9.997999e-01 1.965492e-02 -2.980585e+00 -6.273576e-03 -1.967817e-02 9.997868e-01 3.025901e+02
9.999711e-01 3.212855e-03 6.888651e-03 -1.158935e+00 -3.345598e-03 9.998073e-01 1.934591e-02 -2.979002e+00 -6.825169e-03 -1.936839e-02 9.997892e-01 3.041972e+02
9.999737e-01 1.233299e-03 7.152753e-03 -1.154170e+00 -1.366868e-03 9.998243e-01 1.869927e-02 -2.977950e+00 -7.128435e-03 -1.870856e-02 9.997996e-01 3.058086e+02
9.999730e-01 -2.347423e-05 7.351474e-03 -1.147696e+00 -1.035302e-04 9.998508e-01 1.727542e-02 -2.981207e+00 -7.350784e-03 -1.727571e-02 9.998238e-01 3.074291e+02
9.999707e-01 -1.341938e-04 7.653880e-03 -1.143163e+00 8.313199e-06 9.998648e-01 1.644451e-02 -2.971736e+00 -7.655053e-03 -1.644396e-02 9.998356e-01 3.090373e+02
9.999802e-01 5.145781e-04 6.270120e-03 -1.142562e+00 -6.102261e-04 9.998834e-01 1.526248e-02 -2.988042e+00 -6.261536e-03 -1.526600e-02 9.998639e-01 3.106280e+02
9.999927e-01 1.011144e-03 3.674599e-03 -1.153683e+00 -1.067701e-03 9.998806e-01 1.542259e-02 -2.993556e+00 -3.658566e-03 -1.542640e-02 9.998744e-01 3.122228e+02
9.999934e-01 2.586080e-03 2.535535e-03 -1.140974e+00 -2.634872e-03 9.998077e-01 1.943343e-02 -2.992645e+00 -2.484792e-03 -1.943998e-02 9.998080e-01 3.138822e+02
9.999957e-01 1.710603e-03 2.369719e-03 -1.149067e+00 -1.763612e-03 9.997442e-01 2.255125e-02 -2.990218e+00 -2.330538e-03 -2.255533e-02 9.997430e-01 3.155126e+02
9.999938e-01 2.144206e-04 3.516752e-03 -1.154050e+00 -2.958697e-04 9.997314e-01 2.317664e-02 -2.987267e+00 -3.510839e-03 -2.317753e-02 9.997253e-01 3.171262e+02
9.999897e-01 -1.353196e-03 4.338112e-03 -1.156997e+00 1.255735e-03 9.997486e-01 2.239122e-02 -2.988135e+00 -4.367322e-03 -2.238555e-02 9.997400e-01 3.187437e+02
9.999892e-01 -1.112484e-03 4.504369e-03 -1.160280e+00 1.013049e-03 9.997571e-01 2.201791e-02 -2.966711e+00 -4.527771e-03 -2.201311e-02 9.997475e-01 3.203730e+02
9.999891e-01 -1.067557e-03 4.546589e-03 -1.162664e+00 9.665294e-04 9.997539e-01 2.216536e-02 -2.962037e+00 -4.569134e-03 -2.216072e-02 9.997441e-01 3.219990e+02
9.999847e-01 -1.725893e-03 5.255716e-03 -1.156392e+00 1.608006e-03 9.997489e-01 2.235272e-02 -2.980965e+00 -5.292976e-03 -2.234392e-02 9.997364e-01 3.236303e+02
9.999838e-01 -1.961953e-04 5.686926e-03 -1.154393e+00 6.936579e-05 9.997515e-01 2.229386e-02 -2.969094e+00 -5.689888e-03 -2.229310e-02 9.997354e-01 3.252505e+02
9.999815e-01 6.306314e-04 6.043688e-03 -1.167310e+00 -7.609024e-04 9.997670e-01 2.157715e-02 -2.972600e+00 -6.028674e-03 -2.158135e-02 9.997490e-01 3.268937e+02
9.999745e-01 -1.635547e-04 7.144654e-03 -1.160725e+00 -1.002197e-06 9.997349e-01 2.302633e-02 -2.966826e+00 -7.146527e-03 -2.302575e-02 9.997094e-01 3.285307e+02
9.999712e-01 -1.914046e-03 7.341296e-03 -1.155779e+00 1.735878e-03 9.997057e-01 2.419956e-02 -2.969771e+00 -7.385455e-03 -2.418612e-02 9.996803e-01 3.301529e+02
9.999707e-01 -2.361453e-03 7.279650e-03 -1.153815e+00 2.189574e-03 9.997208e-01 2.352927e-02 -2.972738e+00 -7.333182e-03 -2.351264e-02 9.996967e-01 3.317755e+02
9.999696e-01 -1.598416e-03 7.631099e-03 -1.147880e+00 1.416977e-03 9.997176e-01 2.372306e-02 -2.968595e+00 -7.666864e-03 -2.371153e-02 9.996895e-01 3.333672e+02
9.999733e-01 -3.179457e-04 7.295859e-03 -1.144462e+00 1.575678e-04 9.997586e-01 2.197232e-02 -2.969148e+00 -7.301085e-03 -2.197059e-02 9.997320e-01 3.349748e+02
9.999729e-01 2.998670e-03 6.722652e-03 -1.146548e+00 -3.123622e-03 9.998212e-01 1.865411e-02 -2.966181e+00 -6.665513e-03 -1.867460e-02 9.998035e-01 3.365831e+02
9.999761e-01 3.993577e-03 5.645287e-03 -1.159590e+00 -4.102859e-03 9.998019e-01 1.948111e-02 -2.962968e+00 -5.566371e-03 -1.950381e-02 9.997944e-01 3.382041e+02
9.999785e-01 4.659611e-03 4.614990e-03 -1.162461e+00 -4.760517e-03 9.997445e-01 2.210107e-02 -2.964977e+00 -4.510830e-03 -2.212257e-02 9.997452e-01 3.398238e+02
9.999788e-01 5.187660e-03 3.925347e-03 -1.167359e+00 -5.285592e-03 9.996644e-01 2.536409e-02 -2.962464e+00 -3.792451e-03 -2.538430e-02 9.996707e-01 3.414316e+02
9.999788e-01 5.816446e-03 2.918647e-03 -1.172051e+00 -5.889601e-03 9.996520e-01 2.571614e-02 -2.970438e+00 -2.768056e-03 -2.573278e-02 9.996651e-01 3.430250e+02
9.999837e-01 5.461145e-03 1.664907e-03 -1.176722e+00 -5.499756e-03 9.996934e-01 2.414354e-02 -2.957356e+00 -1.532547e-03 -2.415230e-02 9.997072e-01 3.446216e+02
9.999906e-01 4.280924e-03 -6.473816e-04 -1.186892e+00 -4.264048e-03 9.996995e-01 2.414045e-02 -2.923567e+00 7.505289e-04 -2.413747e-02 9.997084e-01 3.462193e+02
9.999937e-01 2.831680e-03 -2.138457e-03 -1.194982e+00 -2.776363e-03 9.996725e-01 2.544124e-02 -2.933536e+00 2.209797e-03 -2.543514e-02 9.996741e-01 3.478079e+02
9.999938e-01 2.459409e-03 -2.520497e-03 -1.203644e+00 -2.395816e-03 9.996864e-01 2.492965e-02 -2.931962e+00 2.581017e-03 -2.492346e-02 9.996861e-01 3.494050e+02
9.999956e-01 1.691402e-03 -2.442879e-03 -1.215002e+00 -1.631808e-03 9.997060e-01 2.419379e-02 -2.940594e+00 2.483081e-03 -2.418969e-02 9.997044e-01 3.510020e+02
9.999977e-01 1.366723e-03 -1.634440e-03 -1.232864e+00 -1.327699e-03 9.997197e-01 2.364247e-02 -2.924620e+00 1.666293e-03 -2.364025e-02 9.997192e-01 3.526068e+02
9.999980e-01 7.366404e-04 -1.849853e-03 -1.244921e+00 -6.915847e-04 9.997060e-01 2.423915e-02 -2.924355e+00 1.867163e-03 -2.423782e-02 9.997046e-01 3.542082e+02
9.999983e-01 2.501830e-04 -1.846962e-03 -1.250567e+00 -2.055060e-04 9.997084e-01 2.414928e-02 -2.927916e+00 1.852464e-03 -2.414886e-02 9.997067e-01 3.557867e+02
