1.000000e+00 8.137513e-10 -7.656116e-10 -2.139042e-10 8.137513e-10 1.000000e+00 6.754230e-11 4.506439e-09 -7.656116e-10 6.754230e-11 1.000000e+00 2.697696e-08
9.999999e-01 -3.406018e-04 -1.674517e-04 -2.249102e-03 3.408408e-04 9.999990e-01 1.419572e-03 -2.689589e-02 1.669665e-04 -1.419629e-03 9.999991e-01 1.308177e+00
9.999964e-01 -2.624995e-03 -5.436856e-04 -1.800682e-02 2.625640e-03 9.999959e-01 1.185390e-03 -7.870078e-02 5.405701e-04 -1.186813e-03 9.999992e-01 3.938370e+00
9.999957e-01 -2.946226e-03 -8.735312e-05 -2.273588e-02 2.946318e-03 9.999952e-01 1.043939e-03 -1.029996e-01 8.427548e-05 -1.044192e-03 9.999995e-01 5.245082e+00
9.999947e-01 -3.231999e-03 -4.691720e-04 -3.528933e-02 3.232889e-03 9.999930e-01 1.905297e-03 -1.207677e-01 4.630092e-04 -1.906803e-03 9.999982e-01 6.571155e+00
9.999898e-01 -4.489147e-03 -4.666906e-04 -4.205855e-02 4.490688e-03 9.999844e-01 3.350608e-03 -1.512059e-01 4.516404e-04 -3.352669e-03 9.999944e-01 7.906508e+00
9.999891e-01 -4.669152e-03 -2.924047e-04 -4.956028e-02 4.670251e-03 9.999817e-01 3.871324e-03 -1.706590e-01 2.743219e-04 -3.872647e-03 9.999925e-01 9.227844e+00
9.999932e-01 -3.573410e-03 -9.476624e-04 -6.956012e-02 3.575824e-03 9.999904e-01 2.556045e-03 -1.991968e-01 9.385179e-04 -2.559416e-03 9.999964e-01 1.055905e+01
9.999996e-01 -6.242175e-04 -6.589169e-04 -7.708925e-02 6.245576e-04 9.999997e-01 5.134781e-04 -2.194596e-01 6.585946e-04 -5.138893e-04 9.999997e-01 1.188968e+01
9.999962e-01 2.637815e-03 -8.314907e-04 -9.345049e-02 -2.638174e-03 9.999965e-01 -4.332954e-04 -2.482012e-01 8.303433e-04 4.354875e-04 9.999996e-01 1.323546e+01
9.999860e-01 5.247787e-03 -6.899091e-04 -1.062480e-01 -5.248133e-03 9.999862e-01 -5.033055e-04 -2.707128e-01 6.872567e-04 5.069193e-04 9.999997e-01 1.457085e+01
9.999809e-01 6.179624e-03 -3.182240e-04 -1.136356e-01 -6.179496e-03 9.999809e-01 3.956843e-04 -2.984988e-01 3.206615e-04 -3.937101e-04 1.000000e+00 1.591473e+01
9.999924e-01 3.895195e-03 -1.973380e-04 -1.210640e-01 -3.894579e-03 9.999879e-01 3.021657e-03 -3.230638e-01 2.091041e-04 -3.020866e-03 9.999955e-01 1.727261e+01
9.999999e-01 -3.288270e-04 2.842639e-04 -1.252288e-01 3.274157e-04 9.999877e-01 4.956382e-03 -3.464796e-01 -2.858917e-04 -4.956288e-03 9.999878e-01 1.861913e+01
9.999972e-01 -2.364802e-03 -1.998878e-04 -1.302327e-01 2.365484e-03 9.999912e-01 3.475956e-03 -3.774404e-01 1.916646e-04 -3.476419e-03 9.999940e-01 1.997371e+01
9.999954e-01 -3.027787e-03 1.138187e-04 -1.320887e-01 3.027665e-03 9.999949e-01 1.072029e-03 -3.945103e-01 -1.170655e-04 -1.071680e-03 9.999995e-01 2.132081e+01
9.999996e-01 -8.257304e-04 1.964563e-04 -1.503763e-01 8.256659e-04 9.999997e-01 3.365975e-04 -4.363071e-01 -1.967357e-04 -3.364351e-04 1.000000e+00 2.268952e+01
9.999982e-01 1.616804e-03 9.805973e-04 -1.613465e-01 -1.618287e-03 9.999976e-01 1.514370e-03 -4.406360e-01 -9.781479e-04 -1.515954e-03 9.999985e-01 2.405266e+01
9.999964e-01 1.783925e-03 2.000314e-03 -1.636450e-01 -1.795130e-03 9.999827e-01 5.614758e-03 -4.609140e-01 -1.990264e-03 -5.618329e-03 9.999823e-01 2.542331e+01
9.999981e-01 -3.062328e-04 1.924472e-03 -1.683448e-01 2.931876e-04 9.999771e-01 6.776071e-03 -4.761937e-01 -1.926505e-03 -6.775494e-03 9.999753e-01 2.679615e+01
9.999919e-01 -3.448848e-03 2.054370e-03 -1.690733e-01 3.435999e-03 9.999748e-01 6.226513e-03 -5.144783e-01 -2.075794e-03 -6.219404e-03 9.999786e-01 2.816313e+01
9.999897e-01 -4.152353e-03 1.819992e-03 -1.752786e-01 4.146172e-03 9.999857e-01 3.387541e-03 -5.207457e-01 -1.834034e-03 -3.379960e-03 9.999927e-01 2.952945e+01
9.999880e-01 -4.066616e-03 2.733373e-03 -1.805569e-01 4.062096e-03 9.999904e-01 1.657427e-03 -5.604358e-01 -2.740089e-03 -1.646303e-03 9.999950e-01 3.090784e+01
9.999944e-01 -1.367846e-03 3.037066e-03 -2.000042e-01 1.366628e-03 9.999990e-01 4.034074e-04 -5.680377e-01 -3.037616e-03 -3.992545e-04 9.999954e-01 3.228123e+01
9.999939e-01 2.912807e-04 3.467163e-03 -2.071305e-01 -2.874185e-04 9.999994e-01 -1.113933e-03 -6.061012e-01 -3.467486e-03 1.112930e-03 9.999934e-01 3.366887e+01
9.999925e-01 1.139927e-03 3.705184e-03 -2.085259e-01 -1.136124e-03 9.999989e-01 -1.027830e-03 -6.272408e-01 -3.706353e-03 1.023613e-03 9.999927e-01 3.506136e+01
9.999945e-01 5.215616e-04 3.263300e-03 -2.088035e-01 -5.233210e-04 9.999998e-01 5.388259e-04 -6.606208e-01 -3.263019e-03 -5.405306e-04 9.999946e-01 3.645387e+01
9.999931e-01 1.869812e-03 3.201438e-03 -2.169359e-01 -1.876727e-03 9.999960e-01 2.158917e-03 -6.837954e-01 -3.197389e-03 -2.164910e-03 9.999926e-01 3.785876e+01
9.999854e-01 4.563987e-03 2.906923e-03 -2.247372e-01 -4.570864e-03 9.999868e-01 2.364030e-03 -7.091890e-01 -2.896097e-03 -2.377282e-03 9.999931e-01 3.925022e+01
9.999719e-01 6.764269e-03 3.224931e-03 -2.306278e-01 -6.771782e-03 9.999744e-01 2.325145e-03 -7.312327e-01 -3.209122e-03 -2.346918e-03 9.999922e-01 4.064478e+01
9.999555e-01 8.722516e-03 3.585544e-03 -2.416287e-01 -8.732484e-03 9.999581e-01 2.774321e-03 -7.532218e-01 -3.561196e-03 -2.805509e-03 9.999898e-01 4.205461e+01
9.999448e-01 1.003220e-02 3.116528e-03 -2.503394e-01 -1.004152e-02 9.999452e-01 2.991199e-03 -7.759797e-01 -3.086350e-03 -3.022328e-03 9.999908e-01 4.344960e+01
9.999563e-01 8.871554e-03 2.951521e-03 -2.545546e-01 -8.880274e-03 9.999563e-01 2.955306e-03 -8.017868e-01 -2.925175e-03 -2.981387e-03 9.999914e-01 4.487277e+01
9.999639e-01 8.248670e-03 2.038948e-03 -2.536066e-01 -8.253596e-03 9.999631e-01 2.420631e-03 -8.283968e-01 -2.018907e-03 -2.437372e-03 9.999951e-01 4.627137e+01
9.999698e-01 7.648907e-03 1.397112e-03 -2.622082e-01 -7.652997e-03 9.999664e-01 2.947166e-03 -8.525520e-01 -1.374524e-03 -2.957768e-03 9.999948e-01 4.769285e+01
9.999687e-01 7.909454e-03 2.324453e-04 -2.734903e-01 -7.910275e-03 9.999616e-01 3.782927e-03 -8.752971e-01 -2.025170e-04 -3.784647e-03 9.999929e-01 4.910394e+01
9.999632e-01 8.555548e-03 -5.903897e-04 -2.789074e-01 -8.553083e-03 9.999553e-01 4.056140e-03 -9.010808e-01 6.250642e-04 -4.050941e-03 9.999917e-01 5.051273e+01
9.999572e-01 9.113262e-03 -1.608780e-03 -2.913630e-01 -9.106341e-03 9.999495e-01 4.257097e-03 -9.270259e-01 1.647493e-03 -4.242264e-03 9.999897e-01 5.194514e+01
9.999549e-01 9.028464e-03 -2.929603e-03 -2.991873e-01 -9.012770e-03 9.999453e-01 5.326346e-03 -9.495681e-01 2.977530e-03 -5.299702e-03 9.999816e-01 5.336425e+01
9.999641e-01 7.665084e-03 -3.605643e-03 -3.103846e-01 -7.642245e-03 9.999510e-01 6.305533e-03 -9.713763e-01 3.653797e-03 -6.277751e-03 9.999737e-01 5.480363e+01
9.999712e-01 6.221079e-03 -4.343482e-03 -3.242922e-01 -6.192125e-03 9.999588e-01 6.647670e-03 -9.929095e-01 4.384657e-03 -6.620583e-03 9.999686e-01 5.621675e+01
9.999793e-01 4.234015e-03 -4.839951e-03 -3.305863e-01 -4.203554e-03 9.999715e-01 6.286170e-03 -1.016578e+00 4.866427e-03 -6.265695e-03 9.999686e-01 5.763593e+01
9.999848e-01 3.037456e-03 -4.594681e-03 -3.400691e-01 -3.007285e-03 9.999740e-01 6.558876e-03 -1.037622e+00 4.614482e-03 -6.544959e-03 9.999680e-01 5.907901e+01
9.999885e-01 2.063416e-03 -4.333574e-03 -3.541116e-01 -2.031771e-03 9.999714e-01 7.293862e-03 -1.061050e+00 4.348498e-03 -7.284974e-03 9.999641e-01 6.049709e+01
9.999928e-01 2.350441e-04 -3.784596e-03 -3.638640e-01 -2.045186e-04 9.999675e-01 8.063658e-03 -1.080722e+00 3.786366e-03 -8.062826e-03 9.999604e-01 6.192803e+01
9.999920e-01 -1.740176e-03 -3.598075e-03 -3.774894e-01 1.767948e-03 9.999686e-01 7.729492e-03 -1.103359e+00 3.584510e-03 -7.735791e-03 9.999637e-01 6.334427e+01
9.999917e-01 -2.697037e-03 -3.059204e-03 -3.908092e-01 2.718575e-03 9.999715e-01 7.057600e-03 -1.121979e+00 3.040080e-03 -7.065858e-03 9.999705e-01 6.475373e+01
9.999942e-01 -2.649939e-03 -2.124066e-03 -4.071698e-01 2.664580e-03 9.999726e-01 6.919431e-03 -1.148418e+00 2.105670e-03 -6.925051e-03 9.999739e-01 6.617004e+01
9.999979e-01 -9.803831e-04 -1.789859e-03 -4.211852e-01 9.927590e-04 9.999756e-01 6.925775e-03 -1.169554e+00 1.783024e-03 -6.927538e-03 9.999745e-01 6.757717e+01
9.999978e-01 1.839035e-03 -1.048572e-03 -4.424179e-01 -1.830443e-03 9.999653e-01 8.135469e-03 -1.190749e+00 1.063495e-03 -8.133531e-03 9.999664e-01 6.900494e+01
9.999877e-01 4.952357e-03 -4.005475e-04 -4.553250e-01 -4.948336e-03 9.999429e-01 9.482271e-03 -1.205982e+00 4.474826e-04 -9.480172e-03 9.999550e-01 7.042174e+01
9.999630e-01 8.575079e-03 6.548248e-04 -4.686019e-01 -8.581348e-03 9.999106e-01 1.026251e-02 -1.227682e+00 -5.667660e-04 -1.026775e-02 9.999472e-01 7.182965e+01
9.999108e-01 1.332009e-02 9.968019e-04 -4.807933e-01 -1.332937e-02 9.998615e-01 9.973834e-03 -1.245401e+00 -8.638130e-04 -9.986231e-03 9.999498e-01 7.321868e+01
9.998549e-01 1.693036e-02 1.874126e-03 -4.954721e-01 -1.694734e-02 9.998118e-01 9.451809e-03 -1.264383e+00 -1.713752e-03 -9.482199e-03 9.999537e-01 7.461457e+01
9.998234e-01 1.859900e-02 2.696717e-03 -5.094513e-01 -1.862330e-02 9.997835e-01 9.288450e-03 -1.281654e+00 -2.523379e-03 -9.337032e-03 9.999533e-01 7.601482e+01
9.998176e-01 1.888154e-02 2.877820e-03 -5.167919e-01 -1.890874e-02 9.997739e-01 9.737401e-03 -1.300957e+00 -2.693313e-03 -9.790040e-03 9.999485e-01 7.739237e+01
9.998494e-01 1.709568e-02 2.991129e-03 -5.187284e-01 -1.712415e-02 9.998057e-01 9.767460e-03 -1.320083e+00 -2.823568e-03 -9.817210e-03 9.999479e-01 7.878645e+01
9.998554e-01 1.677967e-02 2.746803e-03 -5.279741e-01 -1.680381e-02 9.998182e-01 9.012333e-03 -1.336968e+00 -2.595081e-03 -9.057187e-03 9.999557e-01 8.017704e+01
9.998652e-01 1.623227e-02 2.472398e-03 -5.325190e-01 -1.625391e-02 9.998275e-01 8.998902e-03 -1.361309e+00 -2.325901e-03 -9.037875e-03 9.999565e-01 8.156356e+01
9.998726e-01 1.579238e-02 2.307794e-03 -5.374224e-01 -1.581298e-02 9.998327e-01 9.200218e-03 -1.378951e+00 -2.162116e-03 -9.235539e-03 9.999551e-01 8.295331e+01
9.998771e-01 1.559688e-02 1.585124e-03 -5.445757e-01 -1.561061e-02 9.998372e-01 9.056057e-03 -1.399618e+00 -1.443621e-03 -9.079689e-03 9.999578e-01 8.433705e+01
9.998809e-01 1.539380e-02 1.079866e-03 -5.522975e-01 -1.540316e-02 9.998383e-01 9.282111e-03 -1.412708e+00 -9.368058e-04 -9.297639e-03 9.999564e-01 8.570098e+01
9.999013e-01 1.404937e-02 3.623349e-05 -5.576237e-01 -1.404903e-02 9.998516e-01 9.971301e-03 -1.432786e+00 1.038609e-04 -9.970826e-03 9.999504e-01 8.705610e+01
9.999243e-01 1.224846e-02 -1.154725e-03 -5.664449e-01 -1.223473e-02 9.998622e-01 1.122455e-02 -1.450405e+00 1.292048e-03 -1.120957e-02 9.999364e-01 8.840751e+01
9.999486e-01 9.869248e-03 -2.328804e-03 -5.785143e-01 -9.841168e-03 9.998823e-01 1.177543e-02 -1.468576e+00 2.444743e-03 -1.175190e-02 9.999280e-01 8.977128e+01
9.999618e-01 8.205767e-03 -3.022549e-03 -5.879242e-01 -8.169071e-03 9.998952e-01 1.195868e-02 -1.485512e+00 3.120360e-03 -1.193353e-02 9.999240e-01 9.113362e+01
9.999686e-01 7.087985e-03 -3.549215e-03 -6.033886e-01 -7.046418e-03 9.999081e-01 1.158990e-02 -1.503313e+00 3.631036e-03 -1.156453e-02 9.999266e-01 9.250921e+01
9.999765e-01 5.561305e-03 -4.009780e-03 -6.165106e-01 -5.515551e-03 9.999206e-01 1.133238e-02 -1.517778e+00 4.072483e-03 -1.130999e-02 9.999278e-01 9.388291e+01
9.999749e-01 5.698785e-03 -4.202333e-03 -6.306655e-01 -5.653580e-03 9.999269e-01 1.069145e-02 -1.532231e+00 4.262952e-03 -1.066742e-02 9.999341e-01 9.526181e+01
9.999743e-01 5.772176e-03 -4.260879e-03 -6.419731e-01 -5.727765e-03 9.999300e-01 1.036230e-02 -1.550572e+00 4.320391e-03 -1.033763e-02 9.999373e-01 9.661721e+01
9.999687e-01 6.766776e-03 -4.104297e-03 -6.605467e-01 -6.726433e-03 9.999298e-01 9.764430e-03 -1.569845e+00 4.170081e-03 -9.736517e-03 9.999440e-01 9.795804e+01
9.999619e-01 7.958329e-03 -3.590395e-03 -6.778446e-01 -7.922324e-03 9.999193e-01 9.932886e-03 -1.581646e+00 3.669153e-03 -9.904063e-03 9.999443e-01 9.930694e+01
9.999576e-01 8.407127e-03 -3.767338e-03 -6.891552e-01 -8.363304e-03 9.998990e-01 1.150045e-02 -1.603005e+00 3.863641e-03 -1.146846e-02 9.999269e-01 1.006569e+02
9.999546e-01 8.923481e-03 -3.348981e-03 -7.073696e-01 -8.879881e-03 9.998785e-01 1.281497e-02 -1.615079e+00 3.462927e-03 -1.278465e-02 9.999124e-01 1.019959e+02
9.999545e-01 8.917160e-03 -3.383078e-03 -7.220380e-01 -8.876482e-03 9.998904e-01 1.185398e-02 -1.631806e+00 3.488410e-03 -1.182341e-02 9.999241e-01 1.033454e+02
9.999543e-01 9.005532e-03 -3.199117e-03 -7.378572e-01 -8.974538e-03 9.999140e-01 9.573446e-03 -1.646697e+00 3.285054e-03 -9.544298e-03 9.999491e-01 1.046774e+02
9.999589e-01 8.519081e-03 -3.086976e-03 -7.490318e-01 -8.492961e-03 9.999289e-01 8.377413e-03 -1.661545e+00 3.158123e-03 -8.350852e-03 9.999602e-01 1.059993e+02
9.999747e-01 6.313267e-03 -3.290605e-03 -7.590739e-01 -6.281062e-03 9.999332e-01 9.706521e-03 -1.681532e+00 3.351663e-03 -9.685607e-03 9.999476e-01 1.073228e+02
9.999898e-01 3.656301e-03 -2.667824e-03 -7.665766e-01 -3.625084e-03 9.999261e-01 1.161331e-02 -1.696438e+00 2.710087e-03 -1.160352e-02 9.999291e-01 1.086378e+02
9.999959e-01 2.084077e-03 -1.981942e-03 -7.819391e-01 -2.059053e-03 9.999193e-01 1.254461e-02 -1.711348e+00 2.007924e-03 -1.254048e-02 9.999194e-01 1.099681e+02
9.999982e-01 1.425559e-03 -1.212675e-03 -7.872524e-01 -1.411659e-03 9.999342e-01 1.138567e-02 -1.725015e+00 1.228824e-03 -1.138393e-02 9.999345e-01 1.113018e+02
9.999958e-01 2.869776e-03 -4.127619e-04 -8.007454e-01 -2.865847e-03 9.999535e-01 9.218979e-03 -1.739467e+00 4.391975e-04 -9.217757e-03 9.999575e-01 1.126147e+02
9.999635e-01 8.218810e-03 2.348410e-03 -8.304344e-01 -8.235665e-03 9.999398e-01 7.260650e-03 -1.769214e+00 -2.288596e-03 -7.279726e-03 9.999710e-01 1.152884e+02
9.999475e-01 9.611139e-03 3.539298e-03 -8.347547e-01 -9.643380e-03 9.999112e-01 9.208320e-03 -1.788346e+00 -3.450482e-03 -9.241968e-03 9.999514e-01 1.166284e+02
9.999490e-01 8.917887e-03 4.749640e-03 -8.376094e-01 -8.972417e-03 9.998927e-01 1.158652e-02 -1.800366e+00 -4.645804e-03 -1.162854e-02 9.999217e-01 1.179475e+02
9.999514e-01 8.286713e-03 5.340250e-03 -8.425491e-01 -8.351224e-03 9.998911e-01 1.217349e-02 -1.816635e+00 -5.238792e-03 -1.221749e-02 9.999117e-01 1.192840e+02
9.999390e-01 9.007154e-03 6.384729e-03 -8.425166e-01 -9.081352e-03 9.998905e-01 1.168931e-02 -1.828254e+00 -6.278744e-03 -1.174658e-02 9.999114e-01 1.206100e+02
9.999175e-01 1.025344e-02 7.741558e-03 -8.487388e-01 -1.034097e-02 9.998821e-01 1.135282e-02 -1.836660e+00 -7.624241e-03 -1.143194e-02 9.999057e-01 1.219215e+02
9.998652e-01 1.293799e-02 1.010405e-02 -8.487378e-01 -1.304070e-02 9.998634e-01 1.016578e-02 -1.861547e+00 -9.971142e-03 -1.029618e-02 9.998974e-01 1.245840e+02
9.998384e-01 1.418392e-02 1.104444e-02 -8.418672e-01 -1.428896e-02 9.998529e-01 9.490344e-03 -1.876993e+00 -1.090820e-02 -9.646624e-03 9.998941e-01 1.259373e+02
9.998376e-01 1.343535e-02 1.201103e-02 -8.377608e-01 -1.354927e-02 9.998636e-01 9.453967e-03 -1.891480e+00 -1.188238e-02 -9.615172e-03 9.998833e-01 1.272754e+02
9.998277e-01 1.324465e-02 1.300386e-02 -8.305321e-01 -1.337755e-02 9.998587e-01 1.018651e-02 -1.907654e+00 -1.286711e-02 -1.035871e-02 9.998636e-01 1.286137e+02
9.998396e-01 1.151936e-02 1.371543e-02 -8.197330e-01 -1.167192e-02 9.998704e-01 1.109543e-02 -1.920634e+00 -1.358585e-02 -1.125373e-02 9.998445e-01 1.299567e+02
9.998376e-01 1.129753e-02 1.403791e-02 -8.125646e-01 -1.145897e-02 9.998686e-01 1.147355e-02 -1.936549e+00 -1.390644e-02 -1.163254e-02 9.998357e-01 1.312873e+02
9.998575e-01 9.575195e-03 1.390034e-02 -8.010195e-01 -9.741071e-03 9.998816e-01 1.191505e-02 -1.947490e+00 -1.378461e-02 -1.204876e-02 9.998325e-01 1.326380e+02
9.998806e-01 7.270009e-03 1.363822e-02 -7.914903e-01 -7.441622e-03 9.998933e-01 1.257505e-02 -1.956142e+00 -1.354535e-02 -1.267504e-02 9.998280e-01 1.339839e+02
9.998945e-01 6.109533e-03 1.317728e-02 -7.810894e-01 -6.272861e-03 9.999036e-01 1.238930e-02 -1.974224e+00 -1.310032e-02 -1.247065e-02 9.998365e-01 1.353180e+02
9.999155e-01 5.085665e-03 1.195944e-02 -7.730131e-01 -5.233524e-03 9.999099e-01 1.236485e-02 -1.988450e+00 -1.189548e-02 -1.242639e-02 9.998521e-01 1.366525e+02
9.999380e-01 2.839792e-03 1.076979e-02 -7.646526e-01 -2.984102e-03 9.999057e-01 1.340732e-02 -1.994425e+00 -1.073070e-02 -1.343862e-02 9.998522e-01 1.379853e+02
9.999528e-01 1.512837e-03 9.594351e-03 -7.591225e-01 -1.644481e-03 9.999045e-01 1.372816e-02 -2.008148e+00 -9.572667e-03 -1.374329e-02 9.998598e-01 1.393271e+02
9.999645e-01 5.066076e-04 8.416140e-03 -7.519003e-01 -6.209463e-04 9.999075e-01 1.358879e-02 -2.017069e+00 -8.408478e-03 -1.359354e-02 9.998723e-01 1.406575e+02
9.999741e-01 6.039222e-04 7.176851e-03 -7.490036e-01 -6.990938e-04 9.999118e-01 1.326604e-02 -2.031344e+00 -7.168207e-03 -1.327071e-02 9.998863e-01 1.419976e+02
9.999816e-01 -1.568616e-04 6.061580e-03 -7.516084e-01 8.019754e-05 9.999201e-01 1.264598e-02 -2.033328e+00 -6.063080e-03 -1.264527e-02 9.999017e-01 1.433526e+02
9.999863e-01 -1.070526e-03 5.127321e-03 -7.457925e-01 1.014953e-03 9.999409e-01 1.082945e-02 -2.054043e+00 -5.138612e-03 -1.082410e-02 9.999283e-01 1.446812e+02
9.999047e-01 -1.342041e-02 3.242545e-03 -7.360334e-01 1.337853e-02 9.998310e-01 1.261137e-02 -2.079920e+00 -3.411249e-03 -1.256679e-02 9.999153e-01 1.473865e+02
9.997721e-01 -2.129620e-02 1.455158e-03 -7.238747e-01 2.127344e-02 9.996731e-01 1.418556e-02 -2.089408e+00 -1.756782e-03 -1.415138e-02 9.998984e-01 1.487350e+02
9.997147e-01 -2.388269e-02 3.500231e-04 -7.212869e-01 2.387702e-02 9.996475e-01 1.161436e-02 -2.106918e+00 -6.272834e-04 -1.160269e-02 9.999326e-01 1.500780e+02
9.997613e-01 -2.183016e-02 8.677758e-04 -7.267745e-01 2.182221e-02 9.997274e-01 8.310620e-03 -2.126734e+00 -1.048963e-03 -8.289700e-03 9.999652e-01 1.513984e+02
9.998166e-01 -1.907181e-02 1.724468e-03 -7.342280e-01 1.906116e-02 9.998004e-01 5.998367e-03 -2.139904e+00 -1.838525e-03 -5.964397e-03 9.999806e-01 1.527125e+02
9.998329e-01 -1.809500e-02 2.584361e-03 -7.375756e-01 1.807848e-02 9.998169e-01 6.276844e-03 -2.163696e+00 -2.697468e-03 -6.229073e-03 9.999770e-01 1.540479e+02
9.996167e-01 -2.746365e-02 3.492722e-03 -7.345605e-01 2.741808e-02 9.995461e-01 1.248620e-02 -2.190272e+00 -3.834054e-03 -1.238565e-02 9.999160e-01 1.567556e+02
9.994936e-01 -3.162489e-02 3.509468e-03 -7.218186e-01 3.157318e-02 9.994045e-01 1.392275e-02 -2.201364e+00 -3.947685e-03 -1.380489e-02 9.998970e-01 1.581114e+02
9.994420e-01 -3.322243e-02 3.451533e-03 -7.138125e-01 3.317024e-02 9.993487e-01 1.421294e-02 -2.215993e+00 -3.921474e-03 -1.409052e-02 9.998931e-01 1.594625e+02
9.994794e-01 -3.195211e-02 4.471976e-03 -7.147606e-01 3.188279e-02 9.993821e-01 1.479735e-02 -2.217117e+00 -4.942021e-03 -1.464707e-02 9.998806e-01 1.608105e+02
9.995871e-01 -2.822452e-02 5.379736e-03 -7.274131e-01 2.814594e-02 9.995035e-01 1.416277e-02 -2.228852e+00 -5.776804e-03 -1.400550e-02 9.998853e-01 1.621549e+02
9.996988e-01 -2.366671e-02 6.490889e-03 -7.304437e-01 2.358587e-02 9.996467e-01 1.226120e-02 -2.242963e+00 -6.778779e-03 -1.210441e-02 9.999038e-01 1.634961e+02
9.997482e-01 -2.128321e-02 7.107937e-03 -7.396599e-01 2.120025e-02 9.997086e-01 1.155098e-02 -2.251347e+00 -7.351708e-03 -1.139738e-02 9.999081e-01 1.648625e+02
9.997579e-01 -2.072900e-02 7.372702e-03 -7.352491e-01 2.063335e-02 9.997049e-01 1.282228e-02 -2.253521e+00 -7.636321e-03 -1.266705e-02 9.998907e-01 1.662155e+02
9.997836e-01 -1.946191e-02 7.353395e-03 -7.306020e-01 1.936748e-02 9.997318e-01 1.270209e-02 -2.263425e+00 -7.598631e-03 -1.255692e-02 9.998924e-01 1.675776e+02
9.998250e-01 -1.744179e-02 6.769818e-03 -7.359795e-01 1.736959e-02 9.997932e-01 1.058041e-02 -2.274802e+00 -6.952960e-03 -1.046097e-02 9.999212e-01 1.689441e+02
9.998890e-01 -1.343904e-02 6.430282e-03 -7.364505e-01 1.338818e-02 9.998793e-01 7.889259e-03 -2.289190e+00 -6.535532e-03 -7.802294e-03 9.999483e-01 1.702944e+02
9.999738e-01 -3.573388e-03 6.292395e-03 -7.512819e-01 3.526701e-03 9.999663e-01 7.415396e-03 -2.319802e+00 -6.318682e-03 -7.393011e-03 9.999528e-01 1.730443e+02
9.999751e-01 -4.198949e-04 7.045211e-03 -7.624018e-01 3.511516e-04 9.999524e-01 9.756087e-03 -2.336542e+00 -7.048974e-03 -9.753370e-03 9.999277e-01 1.744104e+02
9.999757e-01 -8.113321e-04 6.930131e-03 -7.600692e-01 7.291295e-04 9.999295e-01 1.185616e-02 -2.342914e+00 -6.939263e-03 -1.185082e-02 9.999058e-01 1.757925e+02
9.999787e-01 -2.546140e-03 6.009367e-03 -7.621017e-01 2.468423e-03 9.999137e-01 1.290503e-02 -2.358705e+00 -6.041708e-03 -1.288992e-02 9.998987e-01 1.771890e+02
9.999794e-01 -4.756136e-03 4.318517e-03 -7.619273e-01 4.699573e-03 9.999043e-01 1.301513e-02 -2.362738e+00 -4.380006e-03 -1.299457e-02 9.999061e-01 1.785883e+02
9.999856e-01 -4.746516e-03 2.499884e-03 -7.621160e-01 4.722810e-03 9.999447e-01 9.405396e-03 -2.385155e+00 -2.544390e-03 -9.393454e-03 9.999527e-01 1.799716e+02
9.999980e-01 -1.753286e-03 9.566478e-04 -7.714616e-01 1.748231e-03 9.999847e-01 5.261607e-03 -2.404888e+00 -9.658597e-04 -5.259924e-03 9.999858e-01 1.813492e+02
9.999978e-01 2.096366e-03 3.123229e-04 -7.882313e-01 -2.097660e-03 9.999890e-01 4.206985e-03 -2.413590e+00 -3.035016e-04 -4.207630e-03 9.999912e-01 1.827174e+02
9.999819e-01 6.005959e-03 2.255852e-04 -8.038150e-01 -6.007114e-03 9.999667e-01 5.531852e-03 -2.434471e+00 -1.923551e-04 -5.533107e-03 9.999848e-01 1.841076e+02
9.999749e-01 7.081513e-03 2.267636e-04 -8.119854e-01 -7.083199e-03 9.999380e-01 8.593648e-03 -2.445915e+00 -1.658950e-04 -8.595038e-03 9.999631e-01 1.854933e+02
9.999793e-01 6.412130e-03 5.513948e-04 -8.231204e-01 -6.417830e-03 9.999184e-01 1.104750e-02 -2.454884e+00 -4.805134e-04 -1.105081e-02 9.999389e-01 1.868800e+02
9.999807e-01 6.156840e-03 7.925647e-04 -8.329280e-01 -6.165944e-03 9.999084e-01 1.205137e-02 -2.462297e+00 -7.182953e-04 -1.205602e-02 9.999271e-01 1.882730e+02
9.999866e-01 5.126776e-03 7.290304e-04 -8.367484e-01 -5.135631e-03 9.999060e-01 1.271534e-02 -2.477700e+00 -6.637747e-04 -1.271891e-02 9.999190e-01 1.896798e+02
9.999978e-01 1.963361e-03 7.916306e-04 -8.365014e-01 -1.973848e-03 9.999073e-01 1.347353e-02 -2.485566e+00 -7.651053e-04 -1.347506e-02 9.999090e-01 1.910913e+02
9.999993e-01 -4.634443e-04 1.065421e-03 -8.447232e-01 4.489008e-04 9.999073e-01 1.361194e-02 -2.497023e+00 -1.071632e-03 -1.361145e-02 9.999069e-01 1.925102e+02
9.999919e-01 -3.724964e-03 1.524697e-03 -8.424757e-01 3.702377e-03 9.998872e-01 1.455922e-02 -2.502215e+00 -1.578759e-03 -1.455346e-02 9.998929e-01 1.939122e+02
9.999722e-01 -7.225595e-03 1.826917e-03 -8.420724e-01 7.195633e-03 9.998476e-01 1.590784e-02 -2.513314e+00 -1.941583e-03 -1.589425e-02 9.998719e-01 1.953404e+02
9.999389e-01 -1.084669e-02 2.141883e-03 -8.375725e-01 1.081088e-02 9.998124e-01 1.607575e-02 -2.518600e+00 -2.315851e-03 -1.605161e-02 9.998686e-01 1.967406e+02
9.999593e-01 -8.744600e-03 2.219169e-03 -8.475822e-01 8.716840e-03 9.998873e-01 1.222559e-02 -2.530456e+00 -2.325828e-03 -1.220575e-02 9.999229e-01 1.981669e+02
9.999947e-01 -1.628476e-03 2.834234e-03 -8.634499e-01 1.608255e-03 9.999734e-01 7.122770e-03 -2.541823e+00 -2.845759e-03 -7.118173e-03 9.999707e-01 1.995910e+02
9.999621e-01 7.695652e-03 4.067165e-03 -8.828856e-01 -7.723031e-03 9.999474e-01 6.759991e-03 -2.547282e+00 -4.014929e-03 -6.791146e-03 9.999690e-01 2.010318e+02
9.998928e-01 1.370697e-02 5.142843e-03 -9.031524e-01 -1.375898e-02 9.998532e-01 1.021796e-02 -2.556860e+00 -5.002032e-03 -1.028763e-02 9.999347e-01 2.024953e+02
9.998626e-01 1.542121e-02 6.074918e-03 -9.071547e-01 -1.549909e-02 9.997956e-01 1.298899e-02 -2.571521e+00 -5.873372e-03 -1.308136e-02 9.998973e-01 2.039442e+02
9.998868e-01 1.398022e-02 5.568109e-03 -9.002184e-01 -1.405367e-02 9.998118e-01 1.337922e-02 -2.577741e+00 -5.380018e-03 -1.345595e-02 9.998951e-01 2.053652e+02
9.999248e-01 1.144040e-02 4.416056e-03 -8.946680e-01 -1.149940e-02 9.998418e-01 1.357505e-02 -2.589327e+00 -4.260055e-03 -1.362481e-02 9.998982e-01 2.068028e+02
9.999475e-01 9.666291e-03 3.395435e-03 -8.921118e-01 -9.710565e-03 9.998648e-01 1.327486e-02 -2.603494e+00 -3.266659e-03 -1.330714e-02 9.999062e-01 2.082401e+02
9.999489e-01 9.736104e-03 2.707201e-03 -8.991445e-01 -9.769324e-03 9.998737e-01 1.254162e-02 -2.609612e+00 -2.584754e-03 -1.256743e-02 9.999178e-01 2.097004e+02
9.999337e-01 1.119768e-02 2.697357e-03 -9.019001e-01 -1.123128e-02 9.998553e-01 1.278325e-02 -2.622966e+00 -2.553825e-03 -1.281270e-02 9.999147e-01 2.111593e+02
9.999180e-01 1.256477e-02 2.464733e-03 -9.144766e-01 -1.259700e-02 9.998292e-01 1.353022e-02 -2.630833e+00 -2.294309e-03 -1.356015e-02 9.999055e-01 2.126285e+02
9.999278e-01 1.180565e-02 2.240450e-03 -9.209284e-01 -1.183529e-02 9.998359e-01 1.371641e-02 -2.641983e+00 -2.078153e-03 -1.374194e-02 9.999035e-01 2.140899e+02
9.999253e-01 1.208830e-02 1.789821e-03 -9.272885e-01 -1.211013e-02 9.998456e-01 1.273956e-02 -2.652171e+00 -1.635546e-03 -1.276028e-02 9.999173e-01 2.155508e+02
9.999347e-01 1.131150e-02 1.616098e-03 -9.326717e-01 -1.133063e-02 9.998594e-01 1.236986e-02 -2.662725e+00 -1.475951e-03 -1.238736e-02 9.999223e-01 2.170337e+02
9.999318e-01 1.161929e-02 1.185002e-03 -9.346046e-01 -1.163299e-02 9.998568e-01 1.229780e-02 -2.673511e+00 -1.041942e-03 -1.231075e-02 9.999238e-01 2.185185e+02
9.999282e-01 1.195024e-02 8.492387e-04 -9.424577e-01 -1.195973e-02 9.998539e-01 1.221973e-02 -2.683805e+00 -7.030874e-04 -1.222901e-02 9.999251e-01 2.200001e+02
9.999257e-01 1.216276e-02 7.778520e-04 -9.497068e-01 -1.217133e-02 9.998518e-01 1.217968e-02 -2.696922e+00 -6.295997e-04 -1.218824e-02 9.999256e-01 2.214678e+02
9.999104e-01 1.338306e-02 1.606359e-04 -9.641031e-01 -1.338402e-02 9.998384e-01 1.200658e-02 -2.708614e+00 7.319695e-08 -1.200765e-02 9.999280e-01 2.229337e+02
9.999101e-01 1.340447e-02 -3.596590e-04 -9.772622e-01 -1.339921e-02 9.998388e-01 1.195451e-02 -2.720609e+00 5.198433e-04 -1.194861e-02 9.999286e-01 2.244106e+02
9.999004e-01 1.410615e-02 -5.312300e-04 -9.823912e-01 -1.409869e-02 9.998275e-01 1.209823e-02 -2.730646e+00 7.017962e-04 -1.208953e-02 9.999268e-01 2.258969e+02
9.999159e-01 1.295519e-02 -5.681861e-04 -9.958353e-01 -1.294723e-02 9.998407e-01 1.228763e-02 -2.742690e+00 7.272825e-04 -1.227924e-02 9.999244e-01 2.273855e+02
9.999248e-01 1.225500e-02 -5.164885e-04 -1.001782e+00 -1.224786e-02 9.998518e-01 1.210044e-02 -2.753603e+00 6.647013e-04 -1.209320e-02 9.999267e-01 2.288668e+02
9.999335e-01 1.152047e-02 -5.381208e-04 -1.012288e+00 -1.151295e-02 9.998575e-01 1.235312e-02 -2.767357e+00 6.803564e-04 -1.234610e-02 9.999236e-01 2.303632e+02
9.999525e-01 9.739869e-03 -4.135814e-04 -1.018699e+00 -9.733532e-03 9.998649e-01 1.325370e-02 -2.782626e+00 5.426132e-04 -1.324904e-02 9.999122e-01 2.318605e+02
9.999601e-01 8.921350e-03 -5.113942e-04 -1.026687e+00 -8.913528e-03 9.998669e-01 1.366680e-02 -2.790187e+00 6.332509e-04 -1.366170e-02 9.999066e-01 2.333571e+02
9.999576e-01 9.169837e-03 -7.939414e-04 -1.047576e+00 -9.158325e-03 9.998676e-01 1.345638e-02 -2.800564e+00 9.172275e-04 -1.344853e-02 9.999092e-01 2.348589e+02
9.999421e-01 1.075250e-02 -3.162543e-04 -1.059345e+00 -1.074748e-02 9.998576e-01 1.301346e-02 -2.812515e+00 4.561350e-04 -1.300931e-02 9.999154e-01 2.363602e+02
9.999230e-01 1.240636e-02 -8.527573e-05 -1.077887e+00 -1.240400e-02 9.998281e-01 1.378459e-02 -2.823800e+00 2.562761e-04 -1.378247e-02 9.999051e-01 2.378747e+02
9.999375e-01 1.116686e-02 5.495025e-04 -1.083865e+00 -1.117426e-02 9.998079e-01 1.610837e-02 -2.825741e+00 -3.695186e-04 -1.611350e-02 9.998702e-01 2.393837e+02
9.999441e-01 1.051237e-02 1.134452e-03 -1.090445e+00 -1.052972e-02 9.998075e-01 1.656127e-02 -2.834411e+00 -9.601370e-04 -1.657229e-02 9.998623e-01 2.408894e+02
9.999328e-01 1.147809e-02 1.596485e-03 -1.099525e+00 -1.150099e-02 9.998190e-01 1.516157e-02 -2.840848e+00 -1.422172e-03 -1.517891e-02 9.998839e-01 2.424027e+02
9.999254e-01 1.201859e-02 2.189594e-03 -1.105578e+00 -1.204795e-02 9.998305e-01 1.392875e-02 -2.848641e+00 -2.021820e-03 -1.395409e-02 9.999007e-01 2.439252e+02
9.999190e-01 1.252195e-02 2.290638e-03 -1.115231e+00 -1.255320e-02 9.998207e-01 1.418100e-02 -2.854726e+00 -2.112655e-03 -1.420860e-02 9.998969e-01 2.454470e+02
9.999225e-01 1.224667e-02 2.233692e-03 -1.123817e+00 -1.227970e-02 9.998056e-01 1.542763e-02 -2.861614e+00 -2.044322e-03 -1.545386e-02 9.998786e-01 2.469716e+02
9.999229e-01 1.223825e-02 2.117142e-03 -1.122539e+00 -1.227110e-02 9.997923e-01 1.627274e-02 -2.870975e+00 -1.917554e-03 -1.629746e-02 9.998654e-01 2.484935e+02
9.999189e-01 1.261949e-02 1.721539e-03 -1.131697e+00 -1.264596e-02 9.997865e-01 1.634379e-02 -2.878477e+00 -1.514923e-03 -1.636423e-02 9.998650e-01 2.500184e+02
9.998945e-01 1.441540e-02 1.773989e-03 -1.146209e+00 -1.444286e-02 9.997582e-01 1.658804e-02 -2.885858e+00 -1.534438e-03 -1.661191e-02 9.998609e-01 2.515569e+02
9.998798e-01 1.537363e-02 2.020271e-03 -1.155189e+00 -1.540535e-02 9.997409e-01 1.675831e-02 -2.891415e+00 -1.762113e-03 -1.678741e-02 9.998576e-01 2.530862e+02
9.998740e-01 1.573244e-02 2.098692e-03 -1.159680e+00 -1.576587e-02 9.997313e-01 1.699767e-02 -2.891303e+00 -1.830715e-03 -1.702861e-02 9.998534e-01 2.546208e+02
9.998993e-01 1.407846e-02 1.805841e-03 -1.169478e+00 -1.410784e-02 9.997484e-01 1.744382e-02 -2.899827e+00 -1.559806e-03 -1.746754e-02 9.998463e-01 2.561552e+02
9.999223e-01 1.236125e-02 1.590565e-03 -1.167991e+00 -1.238826e-02 9.997563e-01 1.827702e-02 -2.900418e+00 -1.364252e-03 -1.829530e-02 9.998318e-01 2.576985e+02
9.999539e-01 9.431194e-03 1.821764e-03 -1.170700e+00 -9.464632e-03 9.997687e-01 1.931349e-02 -2.912286e+00 -1.639195e-03 -1.932984e-02 9.998119e-01 2.592308e+02
9.999723e-01 7.315879e-03 1.393790e-03 -1.169101e+00 -7.340534e-03 9.998002e-01 1.859335e-02 -2.909167e+00 -1.257486e-03 -1.860306e-02 9.998262e-01 2.607663e+02
9.999709e-01 7.551844e-03 1.112063e-03 -1.175154e+00 -7.570325e-03 9.998151e-01 1.767726e-02 -2.920174e+00 -9.783625e-04 -1.768516e-02 9.998432e-01 2.623023e+02
9.999800e-01 6.108585e-03 1.648264e-03 -1.180536e+00 -6.139607e-03 9.997906e-01 1.952357e-02 -2.925039e+00 -1.528658e-03 -1.953330e-02 9.998081e-01 2.638360e+02
9.999950e-01 2.528594e-03 1.902477e-03 -1.190051e+00 -2.568750e-03 9.997675e-01 2.141089e-02 -2.918403e+00 -1.847896e-03 -2.141567e-02 9.997690e-01 2.653724e+02
9.999955e-01 1.921821e-03 2.281530e-03 -1.185889e+00 -1.969315e-03 9.997776e-01 2.100130e-02 -2.924048e+00 -2.240663e-03 -2.100570e-02 9.997769e-01 2.669149e+02
9.999961e-01 1.251198e-03 2.487390e-03 -1.185598e+00 -1.300877e-03 9.997977e-01 2.007293e-02 -2.925269e+00 -2.461773e-03 -2.007609e-02 9.997955e-01 2.684458e+02
9.999913e-01 2.485767e-03 3.341688e-03 -1.194806e+00 -2.551718e-03 9.997992e-01 1.987899e-02 -2.926364e+00 -3.291604e-03 -1.988735e-02 9.997969e-01 2.699879e+02
9.999844e-01 3.804903e-03 4.084382e-03 -1.207940e+00 -3.885976e-03 9.997919e-01 2.002914e-02 -2.928004e+00 -4.007324e-03 -2.004470e-02 9.997911e-01 2.715256e+02
9.999718e-01 5.531365e-03 5.086106e-03 -1.210170e+00 -5.631170e-03 9.997877e-01 1.982306e-02 -2.929463e+00 -4.975378e-03 -1.985114e-02 9.997906e-01 2.730776e+02
9.999596e-01 6.748750e-03 5.944154e-03 -1.215964e+00 -6.864249e-03 9.997838e-01 1.962982e-02 -2.930000e+00 -5.810394e-03 -1.966983e-02 9.997897e-01 2.746328e+02
9.999547e-01 6.725524e-03 6.732853e-03 -1.219352e+00 -6.855768e-03 9.997862e-01 1.951245e-02 -2.931447e+00 -6.600183e-03 -1.955773e-02 9.997870e-01 2.761879e+02
9.999432e-01 7.292972e-03 7.767812e-03 -1.223111e+00 -7.439894e-03 9.997908e-01 1.905645e-02 -2.935149e+00 -7.627210e-03 -1.911316e-02 9.997883e-01 2.777279e+02
9.999412e-01 6.717895e-03 8.516578e-03 -1.217770e+00 -6.875999e-03 9.998021e-01 1.867317e-02 -2.935910e+00 -8.389449e-03 -1.873064e-02 9.997894e-01 2.792570e+02
9.999354e-01 6.468734e-03 9.344294e-03 -1.215824e+00 -6.644819e-03 9.997986e-01 1.893784e-02 -2.939685e+00 -9.219910e-03 -1.899871e-02 9.997771e-01 2.807984e+02
9.999363e-01 4.761366e-03 1.023653e-02 -1.205131e+00 -4.965668e-03 9.997872e-01 2.002649e-02 -2.937081e+00 -1.013900e-02 -2.007604e-02 9.997471e-01 2.823399e+02
9.999391e-01 3.661744e-03 1.040775e-02 -1.197866e+00 -3.874383e-03 9.997827e-01 2.048474e-02 -2.938698e+00 -1.033048e-02 -2.052382e-02 9.997361e-01 2.838827e+02
9.999377e-01 2.783140e-03 1.080583e-02 -1.182833e+00 -2.982616e-03 9.998247e-01 1.848817e-02 -2.945012e+00 -1.075248e-02 -1.851925e-02 9.997708e-01 2.854379e+02
9.999393e-01 3.567776e-03 1.042292e-02 -1.175848e+00 -3.736561e-03 9.998615e-01 1.621940e-02 -2.948016e+00 -1.036361e-02 -1.625736e-02 9.998142e-01 2.869808e+02
9.999468e-01 3.622398e-03 9.661694e-03 -1.165859e+00 -3.779945e-03 9.998594e-01 1.633838e-02 -2.949928e+00 -9.601153e-03 -1.637403e-02 9.998199e-01 2.885230e+02
9.999557e-01 2.083678e-03 9.183542e-03 -1.156351e+00 -2.236717e-03 9.998583e-01 1.668599e-02 -2.957374e+00 -9.147474e-03 -1.670579e-02 9.998187e-01 2.900710e+02
9.999662e-01 1.770082e-03 8.032348e-03 -1.151218e+00 -1.899628e-03 9.998678e-01 1.614929e-02 -2.965570e+00 -8.002702e-03 -1.616400e-02 9.998374e-01 2.916155e+02
9.999668e-01 2.364518e-03 7.798410e-03 -1.143338e+00 -2.489345e-03 9.998684e-01 1.603630e-02 -2.970592e+00 -7.759466e-03 -1.605518e-02 9.998411e-01 2.931837e+02
9.999729e-01 2.513836e-03 6.917996e-03 -1.149861e+00 -2.626423e-03 9.998635e-01 1.631399e-02 -2.972532e+00 -6.876043e-03 -1.633172e-02 9.998431e-01 2.947483e+02
9.999854e-01 1.907319e-03 5.051210e-03 -1.150441e+00 -1.997755e-03 9.998368e-01 1.796010e-02 -2.978453e+00 -5.016131e-03 -1.796993e-02 9.998260e-01 2.978974e+02
9.999874e-01 2.556828e-03 4.309831e-03 -1.160069e+00 -2.640668e-03 9.998052e-01 1.956147e-02 -2.980635e+00 -4.258977e-03 -1.957261e-02 9.997994e-01 2.994723e+02
9.999820e-01 2.963835e-03 5.216063e-03 -1.159546e+00 -3.066535e-03 9.997995e-01 1.979295e-02 -2.981501e+00 -5.156355e-03 -1.980859e-02 9.997906e-01 3.010405e+02
9.999711e-01 4.053557e-03 6.435243e-03 -1.156396e+00 -4.178411e-03 9.998010e-01 1.950844e-02 -2.979641e+00 -6.354886e-03 -1.953477e-02 9.997891e-01 3.026091e+02
9.999721e-01 3.245457e-03 6.733401e-03 -1.155903e+00 -3.376951e-03 9.998021e-01 1.961041e-02 -2.978830e+00 -6.668425e-03 -1.963260e-02 9.997851e-01 3.042115e+02
9.999750e-01 1.244345e-03 6.958954e-03 -1.154123e+00 -1.374697e-03 9.998232e-01 1.875846e-02 -2.976158e+00 -6.934382e-03 -1.876756e-02 9.997999e-01 3.058244e+02
9.999734e-01 1.295566e-05 7.298118e-03 -1.142643e+00 -1.370360e-04 9.998555e-01 1.700167e-02 -2.980799e+00 -7.296845e-03 -1.700222e-02 9.998289e-01 3.074258e+02
9.999714e-01 -5.560875e-04 7.548450e-03 -1.139311e+00 4.346879e-04 9.998708e-01 1.607506e-02 -2.983813e+00 -7.556414e-03 -1.607132e-02 9.998424e-01 3.090269e+02
9.999853e-01 2.986897e-04 5.410105e-03 -1.141584e+00 -3.813192e-04 9.998833e-01 1.527889e-02 -2.991768e+00 -5.404911e-03 -1.528073e-02 9.998687e-01 3.106289e+02
9.999943e-01 1.247815e-03 3.145000e-03 -1.142448e+00 -1.297489e-03 9.998737e-01 1.584277e-02 -2.991641e+00 -3.124836e-03 -1.584676e-02 9.998696e-01 3.122431e+02
9.999925e-01 2.490288e-03 2.978109e-03 -1.147922e+00 -2.546418e-03 9.998164e-01 1.899522e-02 -2.990071e+00 -2.930260e-03 -1.900266e-02 9.998152e-01 3.138729e+02
9.999944e-01 9.824309e-04 3.213613e-03 -1.155328e+00 -1.053289e-03 9.997548e-01 2.212284e-02 -2.989263e+00 -3.191092e-03 -2.212610e-02 9.997502e-01 3.154994e+02
9.999931e-01 3.873871e-04 3.682853e-03 -1.156088e+00 -4.724401e-04 9.997326e-01 2.312203e-02 -2.984696e+00 -3.672913e-03 -2.312361e-02 9.997259e-01 3.171269e+02
9.999921e-01 -4.768231e-04 3.936213e-03 -1.157820e+00 3.897621e-04 9.997560e-01 2.208959e-02 -2.983403e+00 -3.945786e-03 -2.208789e-02 9.997483e-01 3.187518e+02
9.999899e-01 -1.354808e-03 4.288179e-03 -1.156639e+00 1.259564e-03 9.997542e-01 2.213663e-02 -2.975076e+00 -4.317117e-03 -2.213101e-02 9.997458e-01 3.203802e+02
9.999867e-01 -1.461977e-03 4.936469e-03 -1.154500e+00 1.349954e-03 9.997433e-01 2.262098e-02 -2.976265e+00 -4.968274e-03 -2.261401e-02 9.997320e-01 3.236332e+02
9.999830e-01 -2.074413e-04 5.827410e-03 -1.159410e+00 7.886293e-05 9.997568e-01 2.205625e-02 -2.974081e+00 -5.830569e-03 -2.205542e-02 9.997398e-01 3.252638e+02
9.999812e-01 3.688959e-04 6.120926e-03 -1.163688e+00 -5.008557e-04 9.997672e-01 2.157156e-02 -2.973277e+00 -6.111544e-03 -2.157422e-02 9.997487e-01 3.268893e+02
9.999732e-01 -2.802469e-04 7.312293e-03 -1.157892e+00 1.106934e-04 9.997314e-01 2.317778e-02 -2.970458e+00 -7.316826e-03 -2.317635e-02 9.997047e-01 3.285137e+02
9.999730e-01 -1.485935e-03 7.191884e-03 -1.149792e+00 1.310823e-03 9.997041e-01 2.429248e-02 -2.967724e+00 -7.225854e-03 -2.428240e-02 9.996791e-01 3.301350e+02
9.999718e-01 -1.533482e-03 7.353639e-03 -1.140738e+00 1.359916e-03 9.997218e-01 2.355004e-02 -2.973942e+00 -7.387707e-03 -2.353937e-02 9.996957e-01 3.333667e+02
9.999751e-01 1.240616e-04 7.057292e-03 -1.144020e+00 -2.765102e-04 9.997666e-01 2.160494e-02 -2.955415e+00 -7.052965e-03 -2.160635e-02 9.997418e-01 3.349768e+02
9.999743e-01 2.672066e-03 6.644779e-03 -1.150914e+00 -2.798733e-03 9.998132e-01 1.912712e-02 -2.966249e+00 -6.592430e-03 -1.914522e-02 9.997951e-01 3.365884e+02
9.999786e-01 3.418164e-03 5.585235e-03 -1.157418e+00 -3.527571e-03 9.997998e-01 1.969797e-02 -2.967140e+00 -5.516788e-03 -1.971725e-02 9.997905e-01 3.382015e+02
9.999806e-01 4.099444e-03 4.679911e-03 -1.156845e+00 -4.205130e-03 9.997312e-01 2.280139e-02 -2.971192e+00 -4.585181e-03 -2.282063e-02 9.997291e-01 3.398135e+02
9.999788e-01 5.033060e-03 4.131501e-03 -1.163227e+00 -5.137775e-03 9.996555e-01 2.573923e-02 -2.959674e+00 -4.000532e-03 -2.575991e-02 9.996602e-01 3.414207e+02
9.999801e-01 5.666841e-03 2.764954e-03 -1.167553e+00 -5.734242e-03 9.996708e-01 2.501119e-02 -2.956792e+00 -2.622310e-03 -2.502655e-02 9.996834e-01 3.430208e+02
9.999838e-01 5.531973e-03 1.370278e-03 -1.173136e+00 -5.562843e-03 9.997048e-01 2.365558e-02 -2.954223e+00 -1.239013e-03 -2.366282e-02 9.997193e-01 3.446210e+02
9.999956e-01 2.426099e-03 -1.693273e-03 -1.190109e+00 -2.381722e-03 9.996660e-01 2.573461e-02 -2.948081e+00 1.755141e-03 -2.573046e-02 9.996675e-01 3.478154e+02
9.999964e-01 2.146148e-03 -1.615721e-03 -1.203329e+00 -2.105150e-03 9.996863e-01 2.496103e-02 -2.942758e+00 1.668782e-03 -2.495754e-02 9.996872e-01 3.494157e+02
9.999961e-01 1.744803e-03 -2.169276e-03 -1.214384e+00 -1.691585e-03 9.997034e-01 2.429661e-02 -2.941224e+00 2.211024e-03 -2.429285e-02 9.997025e-01 3.510099e+02
9.999974e-01 1.546367e-03 -1.658544e-03 -1.223112e+00 -1.505722e-03 9.997053e-01 2.423268e-02 -2.930245e+00 1.695526e-03 -2.423012e-02 9.997051e-01 3.526029e+02
9.999975e-01 8.249162e-04 -2.096271e-03 -1.235480e+00 -7.736670e-04 9.997037e-01 2.433135e-02 -2.929898e+00 2.115719e-03 -2.432967e-02 9.997018e-01 3.541950e+02
9.999979e-01 1.884586e-04 -2.039383e-03 -1.251812e+00 -1.396749e-04 9.997146e-01 2.389379e-02 -2.930186e+00 2.043302e-03 -2.389346e-02 9.997125e-01 3.557817e+02
9.999978e-01 -3.961401e-04 -2.077300e-03 -1.273215e+00 4.451617e-04 9.997202e-01 2.365081e-02 -2.924493e+00 2.067349e-03 -2.365168e-02 9.997182e-01 3.589632e+02
9.999988e-01 -3.307047e-04 -1.522627e-03 -1.282048e+00 3.654241e-04 9.997387e-01 2.285769e-02 -2.914727e+00 1.514669e-03 -2.285822e-02 9.997377e-01 3.605564e+02
9.999976e-01 -1.265218e-03 -1.762184e-03 -1.294544e+00 1.304057e-03 9.997524e-01 2.221505e-02 -2.919488e+00 1.733639e-03 -2.221730e-02 9.997517e-01 3.621503e+02
9.999934e-01 -3.148442e-03 -1.806124e-03 -1.306557e+00 3.189799e-03 9.997218e-01 2.337038e-02 -2.907242e+00 1.732040e-03 -2.337598e-02 9.997253e-01 3.637411e+02
9.999848e-01 -5.289038e-03 -1.585567e-03 -1.325941e+00 5.325798e-03 9.996942e-01 2.415273e-02 -2.905178e+00 1.457336e-03 -2.416081e-02 9.997071e-01 3.669233e+02
9.999916e-01 -3.993920e-03 -9.251127e-04 -1.338561e+00 4.014608e-03 9.997145e-01 2.355805e-02 -2.901778e+00 8.307580e-04 -2.356157e-02 9.997221e-01 3.685227e+02
9.999992e-01 -1.201812e-03 2.687193e-04 -1.369307e+00 1.194676e-03 9.996831e-01 2.514678e-02 -2.883233e+00 -2.988574e-04 -2.514644e-02 9.996838e-01 3.717271e+02
9.999994e-01 -1.043413e-03 2.457699e-04 -1.381913e+00 1.036908e-03 9.996836e-01 2.513622e-02 -2.878001e+00 -2.719211e-04 -2.513595e-02 9.996841e-01 3.733221e+02
9.999988e-01 -8.546034e-04 1.272962e-03 -1.398675e+00 8.233716e-04 9.997035e-01 2.433765e-02 -2.865324e+00 -1.293385e-03 -2.433658e-02 9.997031e-01 3.765261e+02
9.999994e-01 -4.376092e-04 1.042811e-03 -1.405166e+00 4.120443e-04 9.997024e-01 2.439221e-02 -2.861792e+00 -1.053177e-03 -2.439176e-02 9.997020e-01 3.781233e+02
